52.678 57.605 -13.118 3
-51.046 57.781 -14.46 1
-47.222 57.914 -14.413 1
-43.399 58.048 -14.367 1
-28.104 58.582 -14.18 2
-24.28 58.716 -14.134 2
-55.352 61.429 -14.59 1
-47.705 61.696 -14.497 1
-43.881 61.829 -14.45 1
-32.409 62.23 -14.31 2
-28.586 62.363 -14.264 2
-24.762 62.497 -14.217 2
-20.938 62.63 -14.17 1
17.3 63.966 -13.704 2
-44.363 65.611 -14.533 1
-32.892 66.011 -14.393 2
-29.068 66.145 -14.347 2
-25.244 66.278 -14.3 2
-44.845 69.392 -14.617 1
1.0403 70.994 -14.057 2
16.335 71.528 -13.871 2
-45.327 73.173 -14.7 1
-41.503 73.307 -14.653 1
12.03 75.176 -14 2
23.501 75.577 -13.861 3
19.195 79.224 -13.99 2
-46.291 80.736 -14.866 1
22.055 86.92 -14.11 1
-7.856 -39.509 -7.878 3
46.608 -14.819 -7.6781 1
24.202 7.4717 -32.678 3
51.363 8.1361 -8.0843 1
50.881 11.917 -8.1676 1
35.673 7.8722 -32.538 2
50.399 15.699 -8.2508 1
-64.796 15.474 -9.7329 3
49.917 19.48 -8.3341 1
45.611 23.128 -8.4639 1
-65.76 23.037 -9.8994 3
-15.12 47.594 -9.7461 3
57.531 50.131 -8.8602 3
-53.84 50.04 -10.296 3
-15.602 51.375 -9.8294 3
18.812 52.577 -9.4097 2
49.402 53.645 -9.0367 3
53.226 53.778 -8.9901 3
52.744 57.56 -9.0733 3
-50.98 57.736 -10.416 1
40.79 60.94 -9.2964 2
44.614 61.074 -9.2498 2
-55.286 61.384 -10.545 1
-51.462 61.517 -10.499 1
-32.344 62.185 -10.266 2
-28.52 62.318 -10.219 2
-20.872 62.585 -10.126 1
17.365 63.921 -9.6595 2
16.883 67.702 -9.7427 2
32.178 68.236 -9.5562 3
-21.836 70.148 -10.292 2
-25.409 -24.693 -28.62 3
16.401 71.483 -9.826 2
27.873 71.884 -9.6861 3
-41.437 73.262 -10.609 1
-22.319 73.929 -10.375 2
27.39 75.665 -9.7693 1
-41.919 77.043 -10.692 1
11.613 78.912 -10.039 1
19.261 79.179 -9.9458 2
26.908 79.446 -9.8526 1
30.732 79.58 -9.806 1
34.556 79.713 -9.7593 1
-38.578 80.958 -10.728 1
-0.34008 82.293 -10.262 1
-35.521 -32.926 -4.3263 3
52.426 -29.855 -3.2539 2
51.944 -26.074 -3.3371 2
53.806 19.568 -4.2428 1
49.501 23.216 -4.3727 1
57.597 50.086 -4.8156 3
53.291 53.733 -4.9455 3
-32.278 62.14 -6.221 2
28.42 68.057 -5.5582 3
32.244 68.191 -5.5116 3
-52.361 69.035 -6.6207 3
-48.537 69.168 -6.574 3
-44.713 69.302 -6.5274 3
-33.242 69.702 -6.3875 1
27.938 71.839 -5.6415 3
44.833 -3.2496 -28.151 1
-3.1338 74.552 -6.0978 1
31.28 75.753 -5.6781 1
-3.6159 78.333 -6.181 1
-34.688 81.046 -6.6373 2
-7.9218 81.981 -6.3109 1
-31.346 84.961 -6.6739 1
-27.523 85.094 -6.6273 1
3.0674 86.163 -6.2543 1
10.715 86.43 -6.161 1
17.584 -0.40298 -28.56 3
44.35 0.53167 -28.234 1
-22.537 -43.915 0.10794 3
56.316 -29.767 0.83737 3
55.834 -25.986 0.75412 3
51.528 -22.338 0.62424 3
51.046 -18.556 0.54099 3
42.916 -15.042 0.36448 1
46.74 -14.909 0.41111 3
42.434 -11.261 0.28123 1
17.102 3.3783 -28.644 3
-64.697 45.768 -2.2631 3
-60.874 45.901 -2.2165 3
45.71 53.421 -0.99413 3
-61.838 53.464 -2.383 3
-50.367 53.865 -2.2431 3
-58.496 57.379 -2.4196 3
-54.672 57.512 -2.3729 3
40.922 60.85 -1.2073 2
44.746 60.984 -1.1606 3
44.263 64.765 -1.2439 2
39.476 72.194 -1.457 3
43.299 72.328 -1.4104 3
-37.482 73.305 -2.4728 2
-37.964 77.086 -2.5561 2
-30.799 81.135 -2.5461 1
6.9571 86.251 -2.163 1
10.781 86.385 -2.1164 2
2.6512 89.899 -2.2929 1
-17.201 -55.17 4.4489 1
-17.684 -51.389 4.3657 1
42.982 -15.087 4.4091 1
-45.525 12.586 -29.639 2
-55.538 34.646 2.1245 3
-61.772 53.419 1.6616 3
-51.265 61.382 1.635 3
43.365 72.283 2.6342 3
-45.064 72.993 1.4785 3
-41.722 76.908 1.4419 2
22.8 82.959 2.1513 3
10.847 86.34 1.9282 3
14.67 86.473 1.9748 2
18.494 86.607 2.0214 2
2.4654 -58.329 8.8099 3
-24.861 -28.519 -24.493 1
-26.229 -44.138 8.1505 3
-35.323 -33.061 7.8075 1
56.447 -29.857 8.9266 3
-35.805 -29.28 7.7242 1
53.073 -3.3879 8.3438 3
55.899 34.692 7.6046 3
-60.26 42.03 5.956 3
-60.742 45.811 5.8727 3
-61.224 49.593 5.7895 3
49.665 53.465 7.1417 1
-50.235 53.774 5.8461 1
45.359 57.113 7.0118 1
49.183 57.246 7.0584 1
-58.365 57.289 5.6696 3
-54.541 57.422 5.7162 1
-50.717 57.556 5.7629 1
44.877 60.894 6.9286 1
48.701 61.027 6.9752 1
52.525 61.161 7.0218 1
-55.023 61.204 5.633 1
9.9813 63.473 6.4257 2
44.395 64.675 6.8453 1
43.913 68.456 6.7621 1
43.431 72.238 6.6788 3
-37.832 76.996 5.5331 2
-30.185 77.263 5.6264 2
11.877 78.732 6.1393 3
23.348 79.133 6.2792 3
11.395 82.513 6.056 3
22.866 82.914 6.1959 3
26.69 83.047 6.2425 3
10.913 86.295 5.9728 3
10.43 90.076 5.8895 3
2.0491 -54.592 12.771 1
-25.199 -51.746 12.362 3
-29.505 -48.098 12.232 3
-25.681 -47.965 12.278 3
-33.811 -44.45 12.102 3
38.841 -41.913 12.988 3
-38.117 -40.803 11.972 1
-34.293 -40.669 12.019 3
-38.599 -37.021 11.889 1
45.524 -34.084 12.915 3
48.866 -30.169 12.878 3
52.689 -30.035 12.925 3
-39.563 -29.459 11.722 1
56.031 -26.121 12.888 3
44.078 -22.74 12.665 1
47.901 -22.606 12.711 1
55.549 -22.339 12.805 3
43.596 -18.959 12.582 1
47.419 -18.825 12.628 1
51.243 -18.692 12.675 3
54.585 -14.777 12.638 3
49.797 -7.3478 12.425 3
53.139 -3.433 12.388 3
48.833 0.2148 12.259 3
55.516 8.0444 12.185 3
37.811 26.417 11.583 3
-63.054 34.289 10.12 1
-64.018 41.852 9.9539 1
-60.676 45.766 9.9173 1
-58.299 57.244 9.7142 3
32.99 64.229 10.75 3
36.813 64.363 10.797 3
9.565 67.21 10.387 2
32.508 68.011 10.667 3
36.331 68.144 10.713 3
40.155 68.278 10.76 3
9.0829 70.991 10.304 2
-41.108 73.036 9.6143 2
-37.284 73.17 9.661 2
-33.943 77.085 9.6243 2
26.756 83.002 10.287 2
30.579 83.136 10.334 2
18.626 86.517 10.111 2
18.144 90.298 10.027 2
-1.2267 -58.552 16.852 1
6.4208 -58.285 16.946 1
17.41 -54.103 17.002 1
-28.957 -51.924 16.36 3
20.752 -50.189 16.966 3
38.906 -41.958 17.032 3
46.072 -37.91 17.042 3
45.59 -34.129 16.959 3
49.414 -33.995 17.006 3
52.755 -30.08 16.969 3
-43.321 -29.637 15.72 1
-39.497 -29.504 15.767 1
56.097 -26.166 16.932 3
59.439 -22.251 16.896 3
55.133 -18.603 16.766 3
58.957 -18.47 16.813 3
45.075 0.036234 16.256 3
46.794 11.964 -24.393 2
-8.0417 55.153 14.448 1
-16.653 62.449 14.188 2
-1.8404 66.764 14.292 2
32.573 67.966 14.711 1
36.397 68.099 14.758 3
-36.736 69.344 13.789 2
-2.3225 70.545 14.208 2
1.5012 70.679 14.255 2
9.1488 70.946 14.348 1
32.091 71.747 14.628 1
-2.8046 74.327 14.125 2
39.257 75.795 14.638 3
-41.524 76.773 13.576 2
-33.877 77.04 13.669 2
15.832 78.775 14.275 2
-42.006 80.554 13.492 2
-3.7688 81.889 13.959 1
11.526 82.423 14.145 2
15.35 82.557 14.192 2
30.645 83.091 14.378 2
18.692 86.472 14.155 2
26.339 86.739 14.248 2
33.987 87.006 14.342 2
-20.762 -55.484 20.581 3
2.1808 -54.683 20.86 1
-9.7726 -51.302 20.637 1
1.6987 -50.901 20.777 1
-14.078 -47.654 20.507 1
-29.856 -44.407 20.238 3
38.972 -42.003 21.077 3
-30.338 -40.626 20.154 3
-38.467 -37.111 19.978 3
-34.644 -36.978 20.025 3
41.35 -30.526 20.874 3
45.174 -30.393 20.92 3
-47.079 -29.816 19.718 1
44.691 -26.611 20.837 3
48.515 -26.478 20.884 3
44.209 -22.83 20.754 3
-40.878 -18.205 19.562 3
55.615 38.338 19.655 3
51.309 41.986 19.525 3
55.133 42.119 19.572 3
54.651 45.901 19.489 3
-50.037 53.639 17.98 1
41.251 60.625 19.016 3
-32.847 69.432 17.88 2
-37.153 73.08 17.75 2
-33.329 73.213 17.797 2
-2.7388 74.282 18.17 2
-41.459 76.728 17.62 2
-33.811 76.995 17.714 2
-47.869 31.447 -26.011 3
15.898 78.73 18.32 1
35.017 79.398 18.553 3
-41.941 80.509 17.537 2
-40.222 31.714 -25.918 3
-34.293 80.776 17.63 2
19.24 82.645 18.283 2
-34.775 84.557 17.547 2
14.934 86.293 18.153 2
18.758 86.427 18.2 2
22.581 86.56 18.246 2
6.5525 -58.375 25.035 1
-20.696 -55.529 24.625 3
-25.002 -51.881 24.495 3
-21.178 -51.747 24.542 3
1.7646 -50.946 24.822 1
20.883 -50.279 25.055 1
24.707 -50.145 25.102 1
-14.013 -47.699 24.552 1
1.2825 -47.165 24.739 1
5.1062 -47.031 24.785 1
38.556 -38.267 25.038 1
45.721 -34.219 25.048 3
-35.06 -33.242 23.986 2
49.063 -30.304 25.012 3
31.948 38.032 -25.115 1
44.275 -22.875 24.799 3
43.793 -19.094 24.715 3
47.617 -18.96 24.762 3
51.441 -18.827 24.809 3
55.264 -18.693 24.855 3
-33.164 -17.983 23.699 1
50.959 -15.045 24.725 3
-45.6 -10.821 23.393 3
45.206 -0.053846 24.346 3
-53.762 23.077 22.597 1
52.821 30.597 23.82 1
51.857 38.16 23.653 3
55.681 38.293 23.7 3
47.551 41.807 23.523 3
50.893 45.722 23.487 3
54.717 45.856 23.533 3
31.466 41.814 -25.198 1
54.234 49.637 23.45 3
-7.428 51.282 22.621 1
-7.91 55.063 22.537 1
-50.454 57.376 21.941 3
-42.806 57.643 22.034 3
-8.8742 62.626 22.371 1
-32.299 65.606 22.008 1
32.705 67.876 22.801 1
-32.781 69.387 21.925 2
36.047 71.79 22.764 3
-37.087 73.035 21.795 1
-33.263 73.168 21.841 2
-29.439 73.302 21.888 1
-41.393 76.683 21.665 2
-37.569 76.816 21.711 1
-29.921 77.083 21.805 2
27.16 45.461 -25.328 1
35.083 79.353 22.597 3
-41.875 80.464 21.582 2
30.984 45.595 -25.282 1
15 86.248 22.198 2
5.1721 -47.077 28.83 1
4.69 -43.295 28.746 1
45.787 -34.264 29.093 3
49.611 -34.13 29.14 3
30.01 -31.017 28.823 3
45.305 -30.483 29.01 3
-37.404 -14.38 27.614 1
-33.581 -14.247 27.661 1
-45.534 -10.866 27.438 3
38.107 -4.1472 28.38 1
45.754 -3.8802 28.474 3
57.675 23.123 28.077 1
51.441 41.896 27.614 3
-53.247 49.634 26.106 3
49.512 57.021 27.281 1
-8.3263 58.799 26.499 1
-8.8084 62.581 26.415 1
-32.233 65.561 26.052 2
-1.6429 66.629 26.425 3
-2.125 70.41 26.342 3
13.17 70.944 26.529 2
32.289 71.612 26.762 1
36.113 71.745 26.809 3
-37.021 72.99 25.839 2
-33.197 73.123 25.886 2
24.159 75.126 26.585 3
-33.679 76.905 25.803 2
7.418 85.936 26.149 2
3.1121 89.584 26.019 3
2.3783 -54.818 32.994 1
5.72 -50.903 32.958 1
12.403 -43.073 32.884 1
27.698 -42.539 33.071 2
35.346 -42.272 33.164 3
38.206 -34.576 33.044 1
37.724 -30.795 32.961 1
41.547 -30.661 33.008 1
33.418 -27.147 32.831 1
-44.022 -22.255 31.732 3
43.859 41.584 31.566 3
-54.146 57.152 29.984 3
41.449 60.49 31.149 2
49.096 60.757 31.243 3
-54.628 60.933 29.901 3
-39.333 61.467 30.087 3
44.79 64.405 31.113 3
-51.286 64.848 29.864 3
-32.167 65.516 30.097 2
-20.696 65.916 30.237 2
13.236 70.899 30.573 2
-6.365 74.013 30.257 3
35.214 79.263 30.687 3
18.955 86.291 30.334 2
-2.3438 -47.434 36.826 1
12.469 -43.118 36.929 3
11.987 -39.337 36.846 3
19.635 -39.07 36.939 1
15.329 -35.422 36.809 1
30.142 -31.107 36.912 1
37.789 -30.84 37.006 1
-47.77 1.0183 -21.347 1
-39.65 -25.948 35.907 3
-40.132 -22.166 35.823 3
-44.438 -18.519 35.693 3
-48.744 -14.871 35.564 3
-37.755 -10.689 35.62 3
41.098 3.4588 36.35 3
-57.871 26.59 34.601 3
-6.2663 43.584 34.921 2
31.971 44.919 35.387 3
39.619 45.186 35.48 3
-37.339 46.297 34.465 3
31.489 48.701 35.304 3
35.313 48.834 35.351 3
39.137 48.968 35.397 3
42.961 49.101 35.444 3
46.784 49.235 35.49 3
34.831 52.615 35.267 3
46.302 53.016 35.407 3
50.126 53.15 35.454 3
-53.598 53.326 34.112 3
-49.774 53.459 34.158 3
19.054 55.863 34.998 3
34.349 56.397 35.184 3
45.82 56.797 35.324 3
41.514 60.445 35.194 2
45.338 60.579 35.241 3
54.507 12.186 -20.255 1
-39.267 61.422 34.132 3
-39.749 65.204 34.048 3
9.9601 66.939 34.655 3
13.784 67.073 34.701 3
44.374 68.141 35.074 3
-24.936 69.519 34.152 2
-13.465 69.92 34.292 2
-17.77 73.567 34.162 1
-2.4754 74.101 34.348 3
8.9959 74.502 34.488 2
31.939 75.303 34.768 2
-18.253 77.349 34.078 2
54.025 15.967 -20.338 1
12.053 -39.382 40.89 1
3.9234 -35.868 40.714 1
36.891 -23.322 40.884 1
32.585 -19.674 40.754 1
-36.725 -18.297 39.831 3
-29.559 -14.248 39.841 3
53.543 19.749 -20.421 1
44.506 7.3286 40.358 3
-8.0958 28.28 39.252 3
52.602 34.198 39.915 1
-54.945 34.241 38.526 3
-55.909 41.803 38.359 3
-52.086 41.937 38.406 3
35.861 45.008 39.478 3
-56.392 45.585 38.276 3
-14.33 47.053 38.789 1
31.555 48.656 39.349 3
35.379 48.789 39.395 3
-56.874 49.366 38.193 3
-37.755 50.033 38.426 3
46.368 52.971 39.452 3
-57.356 53.147 38.11 3
-55.933 34.916 -22.143 1
19.12 55.818 39.042 3
42.062 56.619 39.322 2
45.886 56.752 39.369 2
41.58 60.4 39.239 3
-50.672 60.977 38.036 3
-43.025 61.244 38.13 3
-44.462 35.317 -22.003 1
-28.212 65.559 38.233 2
-40.638 35.45 -21.957 1
13.85 67.028 38.746 3
17.673 67.161 38.792 3
-24.87 69.474 38.196 2
9.5438 70.676 38.616 2
12.119 -39.427 44.935 1
11.637 -35.646 44.852 3
-44.944 39.098 -22.086 1
-37.296 39.365 -21.993 1
-29.011 -18.075 43.969 3
-29.493 -14.293 43.886 3
-45.753 -7.2649 43.533 1
-46.235 -3.4836 43.45 1
31.532 41.769 -21.154 1
-41.602 43.013 -22.123 1
-54.879 34.196 42.57 3
36.891 37.4 43.689 1
31.05 45.55 -21.237 1
-55.361 37.977 42.487 3
-41.031 46.074 42.507 3
35.445 48.744 43.44 3
50.168 46.218 -21.004 3
34.963 52.525 43.356 3
42.61 52.792 43.45 3
46.434 52.926 43.496 3
-15.228 54.571 42.667 1
42.128 56.574 43.367 3
-46.301 57.284 42.211 3
-42.477 57.417 42.257 3
-45.908 46.661 -22.253 1
-42.084 46.794 -22.206 1
-43.441 64.98 42.091 3
-39.617 65.114 42.138 3
-38.26 46.928 -22.16 1
29.211 67.517 42.977 3
24.905 71.165 42.847 3
11.703 -35.691 48.896 3
26.744 49.198 -21.367 1
34.391 49.465 -21.274 3
25.551 -23.813 48.833 1
-25.122 -17.986 48.06 3
-37.075 -14.605 47.837 3
38.918 -8.1537 48.686 2
-45.687 -7.3099 47.577 1
26.965 -4.773 48.463 3
30.789 -4.6395 48.51 3
38.436 -4.3724 48.603 2
-46.169 -3.5286 47.494 1
26.001 2.7896 48.297 2
-31.838 4.568 47.514 2
25.519 6.5709 48.214 3
25.036 10.352 48.13 3
48.91 33.974 47.957 1
21.18 40.602 47.464 2
-29.011 42.648 46.775 3
-22.81 54.259 46.618 2
-15.163 54.526 46.712 1
-34.763 57.639 46.395 3
-30.94 57.773 46.442 3
16.523 -12.781 52.535 2
27.513 -8.5993 52.591 3
-8.3475 1.5428 51.922 1
32.75 10.574 52.268 3
23.656 21.651 51.925 1
-12.94 59.206 -22.083 1
40.364 41.225 51.742 1
29.121 60.675 -21.57 1
32.945 60.809 -21.523 1
-31.356 61.509 50.403 3
-0.60119 -28.619 56.679 3
-14.483 -10.113 56.123 3
-30.26 -6.8659 55.853 3
-5.422 9.1939 55.846 2
14.628 32.683 55.627 3
28.639 64.456 -21.653 1
2.1926 39.845 55.32 3
36.607 41.046 55.74 1
-22.678 54.169 54.708 3
11.736 55.37 55.127 3
7.4297 59.018 54.997 3
11.253 59.152 55.044 3
-10.111 -13.806 60.297 1
-6.7695 -9.8911 60.261 1
-7.2516 -6.1098 60.177 1
11.867 -5.4422 60.411 3
-3.9099 -2.195 60.141 1
11.385 -1.6609 60.327 3
-20.169 4.8335 59.788 1
-16.345 4.967 59.834 1
-8.6979 5.234 59.928 1
14.245 6.0352 60.207 1
-28.299 8.3477 59.611 1
26.647 29.257 59.894 1
-4.8083 5.3225 64.019 1
-9.1141 8.9703 63.889 2
9.5226 13.419 64.039 1
-26.82 27.343 63.286 1
-27.784 34.905 63.12 1
-23.96 35.039 63.166 1
-2.2685 -24.027 -16.207 1
-37.647 -17.666 -16.793 3
-49.6 -14.285 -17.016 3
37.865 -7.433 -16.027 1
-54.388 -6.8563 -17.229 1
21.605 -0.40458 -16.38 3
25.429 -0.27106 -16.333 3
2.0045 2.7091 -16.696 3
-44.878 39.053 -18.042 1
-60.655 42.3 -18.312 3
-45.36 42.834 -18.125 1
-22.417 43.636 -17.845 3
34.939 45.638 -17.146 1
-45.842 46.616 -18.208 1
-42.018 46.749 -18.162 1
-53.972 50.13 -18.385 2
18.68 52.667 -17.499 2
33.975 53.201 -17.312 3
37.799 53.334 -17.266 3
33.493 56.982 -17.396 3
37.317 57.116 -17.349 3
44.964 57.383 -17.256 2
33.011 60.763 -17.479 1
44.482 61.164 -17.339 2
-40.123 62.008 -18.448 1
21.058 64.144 -17.702 2
28.705 64.411 -17.609 1
32.529 64.545 -17.562 1
-15.449 -12.903 -32.775 3
12.928 67.658 -17.879 2
16.752 67.792 -17.832 2
20.575 67.925 -17.785 2
24.399 68.059 -17.739 2
28.223 68.193 -17.692 1
-44.911 69.437 -18.661 1
-29.616 69.971 -18.475 2
16.27 71.573 -17.915 2
20.093 71.707 -17.869 2
27.741 71.974 -17.775 2
23.435 75.622 -17.905 2
19.129 79.269 -18.035 2
-46.522 -10.19 -33.231 3
15.021 -38.663 -11.643 1
10.715 -35.015 -11.773 1
14.539 -34.882 -11.726 1
10.233 -31.234 -11.856 1
25.648 -3.8722 -32.429 3
47.473 8.0476 -12.176 2
51.297 8.1811 -12.129 2
46.991 11.829 -12.259 2
5.8612 33.181 -13.225 1
-55.801 34.826 -14.054 3
58.912 38.832 -12.655 3
-60.107 38.474 -14.184 3
-22.351 43.59 -13.801 2
-53.906 50.085 -14.34 3
-50.082 50.218 -14.294 3
34.041 53.156 -13.268 3
37.865 53.289 -13.221 3
41.688 53.423 -13.175 3
-27.621 54.801 -14.097 2
-16.15 55.201 -13.957 1
37.383 57.071 -13.304 3
