50.447 -7.1344 -18.878 1
31.418 -4.8967 -18.799 3
50.227 -3.6388 -18.802 1
-32.043 -14.046 -34.162 1
-2.6568 -3.6651 -18.719 3
-56.2 6.7962 -18.409 1
56.651 14.344 -18.428 3
-48.896 10.795 -18.335 1
14.613 22.064 -18.196 3
52.01 28.076 -18.127 3
51.791 31.572 -18.052 2
35.645 48.045 -17.673 1
-51.094 45.754 -17.584 3
-39.809 46.509 -17.586 1
-24.762 47.516 -17.588 3
31.663 51.29 -17.598 1
35.425 51.541 -17.598 1
50.472 52.548 -17.601 3
-40.029 50.005 -17.511 1
-28.744 50.76 -17.513 3
-24.982 51.011 -17.513 3
31.444 54.786 -17.523 1
-40.249 53.501 -17.436 1
23.7 57.778 -17.447 3
27.462 58.03 -17.447 3
-17.898 58.507 -17.364 1
-37.146 64.24 -17.211 2
15.518 67.763 -17.22 2
19.279 68.014 -17.22 2
-33.604 67.988 -17.136 2
15.298 71.259 -17.144 2
19.059 71.511 -17.144 3
22.821 71.762 -17.145 3
18.84 75.006 -17.07 2
22.601 75.258 -17.07 2
-26.521 75.484 -16.987 2
-22.759 75.735 -16.988 1
18.18 85.494 -16.844 1
-47.589 -10.711 -14.98 1
-59.974 6.0146 -14.603 1
-56.212 6.2662 -14.604 1
-48.908 10.265 -14.53 1
-45.366 14.013 -14.455 1
32.75 33.28 -14.168 2
-29.136 1.2491 -41.474 1
50.055 1.9769 -33.95 3
-58.41 41.226 -13.852 2
-58.63 44.721 -13.777 2
-51.106 45.224 -13.778 3
-32.298 46.482 -13.781 2
-43.803 49.224 -13.705 1
-32.517 49.979 -13.706 2
-24.994 50.482 -13.708 2
16.385 53.25 -13.714 2
-44.022 52.72 -13.629 1
-32.737 53.474 -13.631 2
23.688 57.248 -13.64 2
23.468 60.745 -13.565 2
15.725 63.737 -13.489 2
34.534 64.995 -13.492 1
-37.158 63.71 -13.405 2
-33.397 63.962 -13.406 2
23.029 67.736 -13.415 2
-37.378 67.207 -13.329 2
-33.616 67.459 -13.33 2
15.286 70.729 -13.338 2
19.047 70.981 -13.339 2
22.809 71.233 -13.34 2
-18.789 71.96 -13.258 1
15.066 74.225 -13.263 2
18.828 74.477 -13.264 2
22.589 74.728 -13.265 2
-49.103 73.444 -13.178 1
-22.771 75.205 -13.182 1
-19.009 75.457 -13.183 2
25.911 81.972 -13.115 1
-26.972 81.945 -13.031 2
-23.211 82.196 -13.031 2
18.168 84.964 -13.038 1
-7.347 -50.676 -12.083 1
-27.474 -30.958 -11.629 1
-48.481 2.7435 -10.874 1
56.847 9.7884 -10.892 2
23.064 10.704 -33.72 3
-52.682 9.4838 -10.723 1
-49.14 13.232 -10.649 1
-60.645 15.973 -10.572 3
-51.338 48.19 -9.8975 3
-51.558 51.687 -9.8221 3
-55.539 54.931 -9.7459 3
23.456 60.214 -9.7597 2
46.027 61.724 -9.7636 3
-33.189 59.937 -9.6745 2
38.283 64.717 -9.6874 3
-33.409 63.432 -9.6003 2
-29.647 63.684 -9.6003 3
26.778 67.458 -9.6101 2
45.587 68.716 -9.613 3
19.035 70.45 -9.5339 2
26.559 70.954 -9.5348 3
34.082 71.457 -9.5358 3
-52.657 69.167 -9.4467 3
7.5303 73.192 -9.4566 3
18.815 73.947 -9.4586 2
-45.353 73.165 -9.3725 1
3.5488 76.436 -9.3803 1
14.834 77.191 -9.3824 2
-45.573 76.661 -9.2973 1
-0.65245 83.177 -9.2298 3
-23.872 -24.561 -30.583 2
-22.846 -45.22 -8.1246 3
-30.589 -42.227 -8.0482 3
-26.827 -41.976 -8.0488 3
29.159 -31.209 -7.9079 3
24.81 -17.793 -30.516 1
35.803 -16.723 -7.6087 1
-39.651 -18.259 -7.5209 3
-52.694 8.9538 -6.9177 1
-60.437 11.947 -6.8412 3
-54.233 33.426 -6.3916 2
46.454 54.202 -6.1079 3
-51.57 51.157 -6.0168 3
46.234 57.698 -6.0326 3
46.014 61.194 -5.9573 3
49.776 61.446 -5.9583 3
-52.01 58.148 -5.8664 1
38.271 64.187 -5.8811 3
-55.991 61.393 -5.79 1
-52.229 61.645 -5.791 1
26.766 66.928 -5.8038 3
30.528 67.179 -5.8048 3
26.547 70.423 -5.7286 3
-56.431 68.384 -5.6396 1
-52.669 68.636 -5.6406 3
-30.099 70.146 -5.6444 1
26.327 73.92 -5.6543 3
-52.889 72.132 -5.5652 3
-30.319 73.641 -5.5692 1
-49.347 75.879 -5.491 3
-0.44475 79.15 -5.4988 1
-0.66455 82.646 -5.4236 1
6.6391 86.646 -5.3502 1
-25.96 -56.489 -4.5436 1
-29.941 -53.245 -4.4679 1
30.246 -49.219 -4.478 1
56.603 12.225 -3.2053 1
56.383 15.72 -3.1302 1
12.426 -1.0691 -30.138 2
20.33 48.415 -2.373 2
20.11 51.911 -2.2979 2
-55.783 57.367 -2.0598 3
-56.003 60.863 -1.9846 3
-56.223 64.359 -1.9095 1
-56.443 67.854 -1.8344 1
-52.681 68.106 -1.835 1
-48.919 68.358 -1.8357 1
-7.5407 71.125 -1.8425 2
-52.901 71.603 -1.7597 1
-49.139 71.854 -1.7604 1
2.8653 85.864 -1.5439 2
-33.715 -54.026 -0.66151 2
-61.121 21.374 0.99559 1
-51.594 50.096 1.595 1
-48.492 60.837 1.8199 1
-11.314 70.344 1.9639 2
-7.5528 70.596 1.9632 2
14.798 75.601 2.0347 3
-41.848 75.323 2.1191 2
-38.086 75.574 2.1185 2
-42.067 78.819 2.1944 2
3.073 81.838 2.1868 1
-26.29 13.895 -29.757 3
-14.919 -53.298 3.141 3
-0.31163 -45.3 3.2886 1
58.362 42.88 5.0819 3
-34.253 20.383 -29.604 1
-55.148 45.819 5.3262 1
-51.386 46.071 5.3255 1
-55.368 49.315 5.4013 1
-52.046 56.559 5.551 1
-48.284 56.81 5.5504 1
-48.504 60.306 5.6255 1
0.39813 63.577 5.6173 2
-41.42 67.801 5.7745 3
-26.373 68.808 5.7721 1
-41.64 71.297 5.8498 3
-22.831 72.555 5.8466 1
-41.86 74.793 5.9249 2
-38.098 75.045 5.9242 2
-42.08 78.289 6 2
-38.318 78.54 5.9993 2
-34.556 78.793 5.9989 2
-31.234 86.035 6.1484 1
-18.473 -57.576 6.8719 3
-22.454 -54.331 6.9483 3
-18.693 -54.079 6.9473 3
0.11586 -52.822 6.9443 1
-3.8656 -49.578 7.0195 1
-0.10393 -49.326 7.0195 1
14.723 -44.824 7.0919 1
-31.407 -25.594 -26.776 1
-38.82 -34.362 7.4019 1
-54.941 41.793 9.0567 1
-25.506 54.294 9.2771 2
-21.745 54.545 9.2765 2
-17.983 54.797 9.2758 2
-43.352 -15.861 -26.549 1
4.1477 63.298 9.4224 2
7.9094 63.55 9.4217 2
-3.5955 66.291 9.4987 2
0.16623 66.543 9.4983 2
3.9279 66.795 9.4976 2
46.929 -9.8219 -26.563 1
-22.844 72.025 9.6523 1
-19.082 72.277 9.6517 3
14.773 74.542 9.6461 2
-45.634 74.012 9.7312 2
-38.11 74.515 9.7299 2
22.077 78.54 9.7199 3
50.471 -6.0748 -26.489 1
-8.6759 87.016 9.9505 1
-1.3723 91.014 10.024 1
3.6457 -49.604 10.824 1
33.739 -47.591 10.819 3
-4.0975 -46.611 10.901 1
-0.33583 -46.359 10.9 1
10.949 -45.605 10.898 1
14.711 -45.353 10.897 1
-4.3173 -43.115 10.976 1
-38.832 -34.892 11.207 1
-39.052 -31.396 11.282 1
-35.29 -31.144 11.281 1
55.016 34.577 12.544 1
-21.757 54.016 13.082 2
-25.738 57.26 13.158 2
-18.215 57.763 13.157 2
7.8973 63.02 13.227 2
-44.986 62.994 13.312 2
-41.225 63.246 13.311 2
-3.6076 65.761 13.304 2
-52.729 65.987 13.388 2
-48.968 66.238 13.387 2
-45.206 66.49 13.387 2
-41.444 66.741 13.386 2
45.39 14.649 -26.038 3
-15.332 71.999 13.457 1
-41.884 73.733 13.536 2
-23.075 74.991 13.533 1
25.827 78.262 13.525 3
29.588 78.514 13.524 3
-23.295 78.487 13.608 1
-19.534 78.739 13.608 1
3.0367 80.248 13.604 3
-0.94484 83.493 13.68 1
-1.3844 90.485 13.83 1
-4.3294 -43.645 14.782 2
43.693 -26.391 15.074 3
35.95 -23.398 15.15 3
43.474 -22.895 15.149 3
-48.32 55.221 16.968 2
-29.512 56.478 16.965 2
-59.825 57.962 17.045 2
-44.779 58.968 17.042 2
-29.732 59.974 17.04 2
22.932 63.496 17.031 2
-41.237 62.716 17.117 2
-37.475 62.968 17.116 2
-26.19 63.722 17.114 2
-22.428 63.974 17.113 2
22.712 66.993 17.106 2
26.474 67.245 17.105 2
-52.742 65.457 17.193 2
-48.98 65.708 17.193 2
-45.218 65.96 17.192 2
-41.456 66.212 17.192 2
30.016 70.992 17.18 3
-49.2 69.204 17.268 2
-37.915 69.959 17.266 2
14.749 73.481 17.257 2
-4.2791 75.719 17.336 1
18.291 77.229 17.332 2
-16.004 81.957 17.488 1
-1.3965 89.955 17.636 1
-27.791 -31.701 18.892 1
-39.296 -28.96 18.969 1
46.564 -12.686 19.18 1
-25.762 56.2 20.77 2
-6.9539 57.458 20.766 1
-52.534 61.431 20.924 2
14.957 69.456 20.988 2
22.48 69.959 20.987 2
26.242 70.21 20.986 2
-49.212 68.674 21.074 2
14.737 72.951 21.063 2
18.499 73.203 21.063 2
14.517 76.448 21.138 2
18.279 76.699 21.137 2
-19.778 81.175 21.295 1
11.133 -50.691 22.24 1
14.675 -46.943 22.315 1
14.455 -43.447 22.39 1
39.908 -27.702 22.686 3
-43.07 -29.741 22.776 3
50.973 -23.452 22.76 3
50.753 -19.956 22.835 3
-32.444 -18.499 22.998 1
-32.664 -15.004 23.074 1
-36.645 -11.759 23.15 1
-32.883 -11.507 23.149 1
-46.869 40.074 -25.346 1
-48.125 50.665 24.504 3
-3.6439 64.172 24.722 1
39.65 45.861 -25.361 3
14.945 68.926 24.794 2
33.753 70.184 24.79 2
18.487 72.673 24.868 2
-15.588 73.905 24.949 1
22.029 76.421 24.943 2
-8.7243 84.895 25.173 1
-47.088 43.57 -25.271 1
0.055361 -55.472 25.973 1
3.8171 -55.22 25.972 1
-15.211 -52.981 26.05 2
-11.45 -52.73 26.05 1
-7.6878 -52.478 26.049 1
-43.327 43.821 -25.272 3
19.974 0.49402 -37.751 2
25.948 -46.718 26.118 1
-43.082 -30.271 26.581 3
-39.32 -30.02 26.58 3
47.199 -24.233 26.566 3
39.431 49.357 -25.286 3
46.979 -20.737 26.641 3
50.741 -20.485 26.64 3
-40.199 -16.036 26.881 1
-40.419 -12.54 26.956 1
-62.744 42.136 28.161 1
-34.189 68.621 28.682 2
-3.7184 -56.253 29.779 1
-11.462 -53.261 29.855 2
-3.9382 -52.757 29.854 1
-7.9197 -49.513 29.93 1
-4.158 -49.261 29.93 1
-8.3593 -42.52 30.08 2
-39.772 -23.558 30.537 1
-62.537 38.111 31.892 2
23.763 47.393 31.953 3
-62.976 45.102 32.043 2
23.543 50.889 32.028 3
23.323 54.385 32.103 3
-41.065 57.1 32.264 1
-48.808 60.093 32.34 3
-33.981 64.595 32.413 2
-34.201 68.091 32.489 2
2.9762 77.598 32.632 2
6.7379 77.85 32.631 2
-0.62822 -46.044 33.809 1
-10.57 63.566 -24.902 3
2.6939 -38.8 33.96 1
43.413 -25.544 34.178 2
-24.737 -23.082 34.339 2
-29.817 -2.3575 34.791 2
52.94 3.1777 34.777 3
52.72 6.6732 34.852 3
-8.3462 16.632 35.163 3
40.556 19.903 35.155 1
40.336 23.398 35.23 2
-62.329 34.085 35.622 1
-13.427 37.356 35.615 2
-31.42 -26.124 -22.97 1
-17.408 40.6 35.69 2
-13.647 40.851 35.69 2
35.256 44.122 35.682 3
23.311 53.855 35.909 3
23.091 57.351 35.984 3
22.872 60.847 36.059 3
15.128 63.84 36.136 3
14.909 67.335 36.211 3
-4.402 -46.825 37.615 1
10.205 -38.827 37.764 1
-1.2997 -36.086 37.84 1
6.2237 -35.583 37.839 2
-20.768 -26.856 38.069 1
31.896 -23.333 38.06 3
23.933 -16.844 38.212 3
42.742 -15.587 38.209 2
19.952 -13.6 38.288 2
42.522 -12.091 38.284 2
46.284 -11.839 38.283 2
-41.115 -3.6424 38.599 2
-45.096 -0.39801 38.674 2
50.459 -6.6045 -22.684 1
37.002 15.625 38.886 1
32.581 25.861 39.112 2
36.342 26.113 39.112 2
50.239 -3.1088 -22.609 1
36.123 29.609 39.186 2
42.987 40.6 39.411 3
-17.42 40.07 39.496 2
-13.659 40.322 39.495 2
-9.8969 40.573 39.495 2
42.767 44.096 39.486 3
-14.538 54.306 39.796 1
26.841 57.073 39.789 3
28.562 -31.107 41.717 3
13.295 -28.617 41.794 2
23.921 -17.375 42.018 3
23.482 -10.383 42.168 3
23.262 -6.887 42.244 3
4.2334 -4.649 42.322 3
49.154 1.8662 42.389 3
40.751 15.347 42.691 2
28.587 28.575 42.993 3
32.349 28.827 42.992 3
28.367 32.072 43.069 3
32.129 32.323 43.068 3
-58.372 29.781 43.159 1
24.386 35.316 43.144 3
34.581 8.4923 -37.603 3
12.624 -18.66 45.825 1
27.671 -17.653 45.823 2
23.25 -7.4168 46.049 3
19.268 -4.1724 46.124 3
23.03 -3.921 46.124 3
41.838 -2.663 46.121 3
22.59 3.0709 46.275 3
-22.77 3.5477 46.357 1
18.389 9.8111 46.425 1
-12.364 18.286 46.656 3
34.361 11.988 -37.528 3
28.355 31.541 46.874 3
32.117 31.794 46.874 3
35.879 32.045 46.873 3
39.64 32.297 46.872 3
42.743 43.036 47.097 3
3.3673 68.487 47.705 3
-3.0944 -9.708 49.859 2
7.9709 -5.4573 49.932 1
-23.86 -24.031 -34.389 2
28.783 24.02 50.53 3
-50.862 42.788 -21.465 1
-47.101 43.04 -21.466 1
28.563 27.516 50.605 3
-50.653 25.728 50.693 3
32.105 31.263 50.679 3
35.867 31.515 50.679 3
35.657 48.576 -21.48 1
-47.32 46.536 -21.391 1
-39.797 47.04 -21.391 1
-28.512 47.794 -21.393 3
-3.7659 0.2499 53.89 2
35.437 52.071 -21.404 1
-40.017 50.535 -21.316 1
-1.3229 21.477 54.341 2
28.551 26.986 54.41 3
36.074 27.489 54.409 3
35.854 30.985 54.484 3
23.932 54.812 -21.327 3
35.217 55.567 -21.329 1
-25.432 44.439 54.871 1
-18.568 55.429 55.095 1
-1.1152 17.452 58.071 2
2.6465 17.703 58.07 2
13.932 18.458 58.069 3
-25.19 55.038 -21.244 3
-17.666 55.541 -21.245 1
13.712 21.953 58.143 3
-20.363 23.185 58.224 2
13.492 25.45 58.219 2
-13.06 27.184 58.299 2
20.796 29.448 58.293 3
24.557 29.7 58.292 3
-13.28 30.68 58.374 2
-9.7376 34.427 58.448 2
23.712 58.308 -21.252 3
27.474 58.559 -21.253 3
27.254 62.056 -21.177 3
31.016 62.307 -21.177 2
-39.175 -23.661 -19.089 1
