12.488 70.352 -11.882 2
19.697 70.67 -12.207 2
-23.741 72.507 -10.097 2
15.91 74.261 -11.887 2
19.515 74.421 -12.05 2
-16.714 76.576 -10.264 2
-31.315 79.688 -9.4564 2
-47.963 -19.16 -8.7107 3
49.18 -11.105 -12.947 2
-64.204 17.701 -6.4844 3
-57.359 25.521 -6.4943 3
54.385 30.463 -11.54 3
-57.541 29.27 -6.3369 3
-14.286 31.184 -8.2896 2
50.598 34.053 -11.22 3
53.838 41.713 -11.067 3
-61.875 44.11 -5.5438 2
10.218 47.299 -8.7987 2
-26.193 53.204 -6.8559 2
31.482 55.756 -9.4602 2
45.9 56.394 -10.112 3
24.09 59.187 -8.977 2
31.299 59.505 -9.3028 3
34.904 59.664 -9.4653 3
45.718 60.143 -9.9544 3
49.323 60.302 -10.117 3
52.927 60.462 -10.279 3
-22.953 60.864 -6.7035 2
13.094 62.458 -8.3315 2
20.303 62.777 -8.6572 2
23.908 62.936 -8.8196 2
31.117 63.256 -9.1453 3
-23.135 64.613 -6.5461 2
12.912 66.208 -8.174 2
20.121 66.527 -8.4998 2
-23.317 68.364 -6.3886 2
12.729 69.958 -8.0166 2
16.334 70.117 -8.179 2
19.939 70.276 -8.3415 2
-16.29 72.432 -6.5571 2
12.547 73.708 -7.8592 2
16.152 73.867 -8.0216 2
-27.286 75.704 -5.9104 2
-16.472 76.182 -6.3986 2
-12.868 76.342 -6.562 2
12.365 77.458 -7.7007 2
15.97 77.617 -7.8641 2
-31.073 79.294 -5.5906 2
-27.469 79.453 -5.7531 2
-20.259 79.773 -6.0788 2
4.9733 80.888 -7.2186 2
25.283 -35.113 -8.888 2
-25.365 -33.596 -6.4517 3
28.341 -23.704 -8.578 2
52.844 -7.5887 -9.0871 1
45.453 -4.158 -8.6041 1
52.662 -3.839 -8.93 1
56.084 0.070342 -8.935 2
-64.145 21.058 -2.4606 3
54.08 41.319 -7.2015 3
53.715 48.819 -6.8866 3
57.32 48.978 -7.049 2
-54.607 47.785 -1.8454 2
-29.739 56.401 -2.6703 2
-37.13 59.832 -2.1871 3
45.777 63.5 -5.9301 3
-55.336 62.785 -1.2157 3
-30.103 63.901 -2.3545 2
41.99 67.09 -5.6103 3
45.595 67.249 -5.7727 3
-55.518 66.534 -1.0584 3
-1.8124 76.426 -3.1843 2
-39.632 9.537 -27.424 1
-38.041 78.582 -1.399 2
-27.227 79.059 -1.8873 2
-20.2 83.129 -2.0556 2
26.66 85.201 -4.1717 2
43.547 -34.71 -5.8361 3
49.299 -4.3923 -4.9011 1
52.903 -4.2328 -5.0638 1
45.512 -0.80185 -4.5807 1
56.326 -0.32354 -5.069 2
24.888 19.907 -30.04 3
41.725 2.7886 -4.2604 1
28.492 20.066 -30.202 3
-64.633 35.663 2.0354 3
-61.21 39.573 2.0303 3
-64.997 43.163 2.3506 3
-61.392 43.323 2.1878 3
24.937 50.899 -1.5613 3
-47.703 58.96 2.167 3
-51.49 62.55 2.4873 3
-40.676 63.029 1.9991 3
13.394 65.421 -0.44235 2
-44.462 66.619 2.3194 3
13.212 69.17 -0.28498 2
-51.854 70.05 2.8025 3
-48.249 70.209 2.6397 1
-27.118 -20.378 -25.308 2
-26.804 74.916 1.8212 3
-1.7533 79.782 0.83885 2
-41.587 81.778 2.7866 2
39.455 -20.264 -1.1773 3
-57.729 46.839 6.0485 3
-57.911 50.588 6.2059 1
-58.093 54.338 6.3635 1
-18.442 56.092 4.5731 2
49.864 62.871 1.6382 3
-36.83 62.794 5.702 3
9.8487 68.617 3.7438 2
13.453 68.776 3.5809 2
-15.566 71.25 5.0405 3
13.271 72.526 3.7385 2
-22.958 74.681 5.5237 3
-30.349 78.113 6.0068 3
-26.745 78.272 5.844 3
16.329 83.936 4.0485 3
19.752 87.845 4.0432 2
-46.998 -20.735 6.7523 1
-55.118 -2.3041 7.8657 1
-63.603 23.626 9.2942 2
-64.332 38.626 9.9246 3
-57.123 38.944 9.599 1
-60.91 42.535 9.9193 3
-46.673 46.922 9.4258 1
-54.065 50.353 9.9089 1
-50.46 50.513 9.7461 1
-57.852 53.944 10.229 1
-54.247 54.104 10.067 1
-7.3865 56.177 7.9506 2
50.288 58.728 5.3464 3
-58.034 57.694 10.387 1
-43.798 62.082 9.8934 1
-40.193 62.241 9.7306 1
43.881 5.3108 -27.617 1
-40.375 65.99 9.8881 1
10.09 68.223 7.6095 2
13.695 68.383 7.4466 2
38.927 69.499 6.3073 3
53.346 70.137 5.6564 2
17.117 72.292 7.4415 2
-44.344 73.331 10.366 1
-40.74 73.491 10.203 2
-22.716 74.288 9.3895 3
-37.317 77.4 10.198 2
-33.713 77.56 10.035 2
-26.503 77.878 9.7098 3
-22.899 78.038 9.5471 3
13.148 79.632 7.9194 3
-26.685 81.629 9.8674 3
-42.787 -28.469 10.14 3
-42.969 -24.719 10.298 3
-53.277 38.71 13.302 1
-49.672 38.87 13.139 1
54.863 43.494 8.4191 3
-57.064 42.3 13.622 1
-53.459 42.461 13.46 1
-53.823 49.96 13.775 1
-50.219 50.12 13.612 1
-46.614 50.279 13.449 1
-50.401 53.869 13.77 1
46.925 58.174 9.3748 3
50.529 58.334 9.2121 3
-39.769 58.097 13.439 1
50.347 62.084 9.3697 3
53.952 62.243 9.2069 3
-43.556 61.688 13.759 1
-39.952 61.847 13.596 1
-14.719 62.964 12.457 2
14.118 64.239 11.155 2
13.936 67.989 11.312 2
-40.316 69.347 13.912 2
13.754 71.738 11.47 2
28.172 72.376 10.819 3
49.8 73.333 9.8424 3
-40.498 73.097 14.069 3
-36.894 73.256 13.906 2
-33.289 73.416 13.744 2
-33.471 77.166 13.901 2
-33.653 80.915 14.059 2
23.839 87.216 11.612 2
-23.065 -58.064 11.931 2
12.982 -56.47 10.304 3
16.587 -56.31 10.141 3
12.8 -52.72 10.462 3
12.617 -48.97 10.619 3
-39.123 -24.953 14.001 1
-39.488 -17.454 14.315 1
-35.883 -17.294 14.153 1
47.713 46.531 12.768 3
58.345 50.76 12.437 2
61.949 50.919 12.274 1
-53.582 49.566 17.64 1
-49.977 49.726 17.478 1
58.162 54.509 12.595 1
61.767 54.668 12.432 1
-50.16 53.475 17.635 1
50.771 57.94 13.078 3
-10.691 58.979 16.002 2
0.12328 59.458 15.514 1
46.984 61.531 13.398 3
50.588 61.69 13.235 3
54.193 61.849 13.073 3
-57.733 60.656 18.276 3
-54.129 60.815 18.113 3
-25.292 62.091 16.811 2
-21.687 62.25 16.648 2
54.011 65.6 13.23 3
-21.869 66.001 16.806 2
-0.24119 66.957 15.829 1
14.177 67.595 15.178 2
-36.47 69.113 17.614 2
13.995 71.345 15.336 2
-40.257 72.703 17.935 2
28.232 75.733 14.842 3
35.441 76.051 14.517 3
39.046 76.211 14.354 3
-33.23 76.772 17.767 2
-18.811 77.41 17.116 3
-15.207 77.569 16.953 3
17.053 82.754 15.646 3
-33.594 84.272 18.082 2
27.64 42.172 -25.391 1
31.245 42.331 -25.554 1
13.223 -56.864 14.17 3
-4.9823 -53.911 15.142 3
13.041 -53.114 14.328 3
-5.1645 -50.161 15.299 3
41.514 -44.339 13.34 2
1.6803 -42.342 15.288 2
-2.1066 -38.752 15.609 3
37.545 -36.998 13.819 2
27.458 45.922 -25.233 1
-42.122 -33.006 17.714 2
31.063 46.081 -25.396 1
30.881 49.831 -25.238 1
34.485 49.99 -25.402 1
58.404 54.115 16.46 1
-17.476 54.517 20.036 2
-24.868 57.948 20.52 2
43.621 60.977 17.427 3
47.225 61.137 17.264 3
50.83 61.296 17.101 3
-21.446 61.857 20.514 2
-17.841 62.017 20.351 2
39.834 64.568 17.747 3
47.043 64.886 17.422 3
50.648 65.046 17.259 3
54.252 65.206 17.096 3
-50.465 64.331 21.974 3
-3.6045 66.404 19.858 1
0.00016258 66.563 19.695 1
-54.252 67.922 22.294 3
-50.647 68.081 22.132 3
-29.019 69.038 21.155 2
-0.18207 70.314 19.853 1
-32.806 72.629 21.475 2
-29.202 72.788 21.312 2
-29.384 76.537 21.47 2
-14.965 77.175 20.819 3
35.5 79.408 18.54 3
-29.566 80.288 21.627 2
-29.748 84.037 21.785 2
13.647 -61.007 17.878 3
-15.555 -54.783 19.496 3
13.1 -49.758 18.351 3
16.705 -49.598 18.187 3
-37.873 -17.5 -20.797 1
41.573 -40.982 17.364 2
-38.459 -29.49 21.575 3
43.862 60.584 21.293 3
47.467 60.743 21.13 3
47.284 64.493 21.287 3
-53.828 63.778 26.002 3
-50.224 63.938 25.839 3
54.311 68.561 21.119 3
-54.011 67.528 26.16 3
-14.359 69.282 24.369 3
-16.792 -5.2937 -21.3 3
18.083 70.717 22.905 2
-43.379 71.756 25.829 2
-32.565 72.235 25.341 2
25.922 -5.9482 -35.008 3
32.319 75.104 22.411 3
35.924 75.263 22.248 3
-36.352 75.825 25.661 2
-32.747 75.984 25.498 2
-29.142 76.143 25.336 2
-11.119 76.941 24.522 3
-36.534 79.575 25.819 2
-29.325 79.894 25.493 2
-11.301 80.691 24.679 3
35.559 82.764 22.563 3
-29.507 83.644 25.651 2
-45.811 -2.8191 -19.84 2
-15.496 -51.427 23.519 3
-34.43 -33.474 25.12 3
-38.217 -29.884 25.441 3
-42.186 -22.544 25.919 3
40.721 -18.876 22.175 3
-54.094 -0.52328 27.352 2
-54.458 6.9766 27.667 2
58.704 57.077 24.35 3
54.917 60.667 24.669 3
-53.405 59.634 29.711 3
47.526 64.099 25.153 3
18.324 70.323 26.771 2
18.142 74.073 26.928 2
-39.715 75.272 29.69 2
10.75 77.504 27.411 2
17.959 77.823 27.086 2
13.99 85.163 27.564 2
6.5557 -54.614 26.25 3
24.579 -53.816 25.436 3
-35.726 12.659 -19.699 1
6.3735 -50.864 26.407 1
13.036 -39.296 26.555 1
-49.154 -23.256 30.11 1
-49.336 -19.507 30.267 1
-35.909 16.409 -19.54 1
-53.852 -0.9169 31.217 2
56.07 41.525 27.748 3
-45.407 48.31 32.778 3
58.945 56.683 28.215 3
-49.377 55.65 33.256 3
-38.563 56.128 32.768 3
55.159 60.274 28.535 3
58.763 60.434 28.373 3
-53.163 59.24 33.577 3
-49.741 63.15 33.571 3
-6.4851 65.063 31.618 2
14.961 69.77 30.799 2
18.565 69.929 30.636 2
11.174 73.361 31.119 2
10.991 77.11 31.277 2
7.0224 84.451 31.755 3
-4.1991 -51.736 30.761 3
24.638 -50.461 29.459 3
31.847 -50.142 29.134 3
-11.591 -48.305 31.244 3
20.851 -46.87 29.78 3
24.456 -46.711 29.617 3
28.061 -46.551 29.454 3
31.665 -46.392 29.292 3
35.27 -46.233 29.129 3
-45.49 -19.741 33.97 1
-53.246 -8.8105 34.768 2
-49.642 -8.6511 34.606 1
52.889 37.221 31.619 3
38.106 44.084 32.584 3
5.2992 50.148 34.365 2
-49.135 55.256 37.122 3
37.377 59.083 33.215 3
-52.922 58.847 37.443 3
-49.317 59.006 37.279 3
-31.659 67.303 36.781 2
15.202 69.376 34.665 2
-6.6082 72.17 35.799 2
7.8104 72.807 35.148 2
-0.35311 -51.971 34.465 3
-7.7447 -48.54 34.948 3
13.883 -47.583 33.972 1
17.306 -43.674 33.965 1
17.123 -39.924 34.124 1
13.337 -36.333 34.444 1
17.25 37.55 -21.194 2
-1.811 -21.971 35.725 1
45.05 -19.899 33.609 2
44.867 -16.149 33.767 2
48.108 -8.4897 33.92 3
51.53 -4.5803 33.914 3
-37.002 38.908 -18.596 1
-54.645 24.544 40.052 1
-33.397 39.067 -18.758 1
13.661 31.323 37.118 3
49.525 36.668 35.647 2
24.277 41.619 -21.363 1
27.882 41.778 -21.525 1
-48.894 54.862 40.987 3
-49.076 58.613 41.145 3
-6.0024 64.276 39.349 2
-6.1846 68.025 39.507 2
-38.809 70.34 41.129 2
-40.789 42.498 -18.275 1
17.729 -47.817 37.674 1
13.942 -44.227 37.995 1
-37.184 42.658 -18.438 1
-33.58 42.817 -18.601 1
24.095 45.368 -21.205 1
27.7 45.528 -21.367 1
30.508 -13.431 38.441 2
30.326 -9.6806 38.599 3
-40.971 46.248 -18.118 1
-37.367 46.407 -18.28 1
-33.762 46.568 -18.443 1
27.517 49.278 -21.21 1
-36.927 36.198 43.577 3
-1.2452 45.292 42.265 2
9.5688 45.771 41.776 2
-12.241 48.563 42.91 2
-8.6368 48.723 42.747 2
-44.866 50.878 44.532 3
-48.652 54.469 44.853 3
30.94 53.187 -21.215 1
-30.811 59.016 44.197 2
34.544 53.347 -21.378 1
30.103 69.226 41.745 2
-20.544 70.744 44.182 2
-20.726 74.494 44.339 2
34.362 57.096 -21.22 1
28.056 -32.733 41.682 2
-45.123 57.339 -17.482 1
23.184 64.118 -20.417 2
30.567 -10.075 42.464 2
30.385 -6.3245 42.622 2
-42.073 -2.0138 46.192 1
-42.255 1.7361 46.35 1
-38.651 1.8955 46.188 1
-28.565 17.374 46.329 2
-48.446 -18.372 -16.442 1
-30.423 -17.575 -17.256 1
-8.3954 48.33 46.613 2
9.6279 49.126 45.8 2
-12.182 51.92 46.934 2
-4.973 52.238 46.608 2
-30.57 58.622 48.062 2
-18.746 -31.45 47.822 3
-7.9318 -30.971 47.333 3
2.8822 -30.493 46.844 3
13.696 -30.015 46.356 3
-18.928 -27.701 47.979 3
-15.323 -27.54 47.816 3
-11.719 -27.381 47.653 3
-8.114 -27.222 47.491 3
13.514 -26.265 46.514 3
-22.715 -24.11 48.299 3
-15.506 -23.791 47.974 2
13.332 -22.515 46.672 3
23.781 -14.537 46.498 3
27.386 -14.378 46.335 3
30.808 -10.468 46.33 2
30.626 -6.7184 46.488 2
-34.44 -5.8386 49.575 3
-30.835 -5.6792 49.413 3
-12.812 -4.8819 48.599 2
30.444 -2.9685 46.645 2
-12.994 -1.132 48.756 2
-42.014 1.3423 50.216 1
-42.196 5.0924 50.373 2
37.106 8.5999 46.792 3
29.715 12.031 47.276 2
36.924 12.35 46.95 3
51.161 16.738 46.457 2
-28.324 16.98 50.195 2
-32.475 28.069 50.83 2
44.546 0.77326 -20.043 3
42.129 53.917 48.358 3
30.95 60.938 49.162 3
26.981 68.279 49.639 2
-18.687 -28.094 51.845 3
-15.082 -27.934 51.681 3
-11.477 -27.775 51.519 3
-11.66 -24.025 51.676 2
-4.4502 -23.706 51.351 3
5.9993 -15.728 51.178 3
2.2124 -12.138 51.498 3
5.817 -11.978 51.336 3
16.631 -11.5 50.847 3
-1.5745 -8.5472 51.819 3
2.0301 -8.3877 51.656 3
12.844 -7.9094 51.167 3
16.449 -7.75 51.005 3
-12.571 -5.2757 52.465 2
30.685 -3.3622 50.511 3
-27.172 -2.1637 53.273 3
-16.358 -1.6852 52.784 2
26.898 0.22807 50.832 3
30.503 0.38753 50.669 2
41.317 0.86596 50.18 3
44.922 1.0254 50.018 3
-38.168 1.1079 53.919 1
26.716 3.9781 50.989 3
37.53 4.4564 50.501 3
41.135 4.6157 50.338 3
-38.35 4.8577 54.077 1
26.534 7.7275 51.146 3
37.348 8.206 50.658 3
-34.928 8.7675 54.072 2
29.956 11.637 51.141 2
-35.292 16.267 54.386 2
39.312 42.114 51.914 3
17.32 48.657 53.206 3
35.807 -29.846 53.111 2
35.625 -26.096 53.269 2
-22.779 -13.648 56.504 2
-12.329 -5.6695 56.33 2
-12.512 -1.9196 56.488 2
37.954 0.31262 54.209 3
37.771 4.0625 54.367 3
-34.504 4.623 57.78 1
26.775 7.3346 55.012 2
30.198 11.243 55.007 2
-2.791 21.058 56.945 1
15.232 21.855 56.131 2
21.895 33.423 56.279 3
32.274 30.294 -18.295 2
10.998 -35.105 57.959 3
28.488 33.885 -17.975 2
10.816 -31.356 58.116 3
-12.088 -6.0633 60.196 2
-38.232 11.57 62.123 2
15.474 21.461 59.997 1
-58.389 37.557 -13.753 3
18.714 29.121 60.149 2
14.927 32.711 60.469 3
-26.63 0.40479 65.028 2
-47.757 41.785 -14.084 3
-40.548 42.105 -14.409 1
1.1141 24.179 64.671 3
-2.6728 27.771 64.992 3
17.127 44.656 -17.014 2
-29.916 46.333 -14.74 1
34.968 49.203 -17.67 3
-37.307 49.764 -14.257 1
16.762 52.156 -16.699 2
12.976 55.746 -16.378 2
20.185 56.065 -16.704 3
-44.881 56.945 -13.616 1
-41.277 57.104 -13.779 1
-45.063 60.694 -13.459 1
-41.459 60.854 -13.621 1
16.216 63.405 -16.226 2
19.82 63.565 -16.389 2
-45.246 64.445 -13.301 1
-41.641 64.604 -13.464 1
-38.036 64.763 -13.627 1
-27.222 65.242 -14.115 2
16.034 67.155 -16.068 2
19.638 67.314 -16.23 2
-23.8 69.151 -14.12 2
15.851 70.905 -15.911 2
26.301 78.883 -16.084 1
-4.2196 -31.852 -15.16 2
-52.903 3.5742 -11.468 2
-61.57 33.254 -9.8819 2
-61.752 37.004 -9.7245 2
28.364 40.99 -13.793 2
28.182 44.741 -13.636 2
35.209 48.809 -13.804 3
38.814 48.969 -13.967 3
-58.694 48.413 -9.4147 2
35.027 52.559 -13.647 3
38.632 52.718 -13.809 3
49.446 53.197 -14.297 3
-44.458 52.801 -9.9078 3
-22.83 53.758 -10.885 2
31.24 56.15 -13.326 3
34.845 56.309 -13.489 3
31.058 59.899 -13.169 3
34.663 60.058 -13.331 3
-44.822 60.3 -9.593 1
-41.217 60.461 -9.7553 1
-37.613 60.62 -9.9187 1
-34.008 60.779 -10.081 1
-19.589 61.417 -10.733 2
12.852 62.852 -12.197 2
30.876 63.649 -13.011 3
-41.4 64.21 -9.5979 1
-37.795 64.369 -9.7614 1
-34.19 64.529 -9.9238 1
-26.981 64.848 -10.249 2
-23.376 65.007 -10.412 2
-19.772 65.166 -10.574 2
16.275 66.761 -12.202 2
19.88 66.921 -12.366 2
-27.163 68.598 -10.092 2
-23.559 68.757 -10.255 2
