38.817 -10.615 -21.002 1
-55.917 2.056 -18.904 3
-14.472 2.5812 -18.458 1
-10.704 2.629 -18.418 1
-56.052 5.5228 -18.126 3
29.388 37.818 -10.194 2
-31.03 40.52 -10.064 2
29.253 41.284 -9.4166 2
-50.004 43.748 -9.4896 1
-42.469 43.843 -9.408 3
-38.701 43.891 -9.3679 3
29.118 44.75 -8.6382 2
-46.372 47.262 -8.671 3
25.215 48.169 -7.9008 2
-27.668 50.967 -7.6906 2
17.544 51.54 -7.2048 2
-27.804 54.433 -6.9122 2
17.409 55.006 -6.4263 2
21.177 55.054 -6.3862 2
24.944 55.101 -6.3452 2
-27.939 57.899 -6.1351 2
17.274 58.472 -5.6493 2
51.183 58.902 -5.2837 3
-43.145 61.175 -5.5194 3
-39.377 61.223 -5.4788 3
17.138 61.938 -4.8708 2
32.209 62.13 -4.709 3
39.745 62.225 -4.6279 3
43.512 62.273 -4.5878 3
-43.28 64.641 -4.7418 3
-39.512 64.689 -4.7008 3
13.235 65.358 -4.1334 1
35.842 65.644 -3.8904 3
43.377 65.739 -3.8093 3
9.3325 68.776 -3.3964 2
31.939 69.062 -3.1535 3
35.706 69.11 -3.1134 3
9.1973 72.242 -2.6189 2
20.5 72.386 -2.4971 3
24.268 72.433 -2.4562 3
28.036 72.481 -2.416 3
5.2943 75.661 -1.8814 1
9.062 75.709 -1.8404 1
27.901 75.948 -1.6385 3
5.1591 79.127 -1.1034 1
1.2561 82.546 -0.366 2
-36.21 -19.828 -20.043 1
-32.443 -19.781 -20.003 1
-36.346 -16.362 -19.265 1
-32.578 -16.314 -19.225 1
-47.919 -9.5725 -17.831 1
-44.151 -9.5248 -17.791 1
-48.054 -6.1058 -17.054 1
-44.287 -6.0585 -17.013 1
-44.422 -2.5917 -16.235 1
-60.575 24.948 -10.175 3
51.645 47.177 -4.2931 3
43.839 54.014 -2.8187 3
47.607 54.062 -2.7777 3
-5.2763 56.861 -2.5671 1
51.239 57.576 -1.96 3
-50.624 59.753 -2.2759 3
5.8916 60.47 -1.6683 1
51.104 61.043 -1.1816 3
-50.759 63.22 -1.4983 3
-43.224 63.315 -1.4172 3
-39.456 63.364 -1.3766 3
13.292 64.032 -0.80963 1
47.201 64.462 -0.44412 2
54.737 64.557 -0.36389 3
-47.127 66.734 -0.67976 1
13.156 67.498 -0.031196 1
-47.262 70.201 0.097796 1
-9.585 70.678 0.50296 1
9.2535 70.916 0.70577 2
13.021 70.965 0.74636 1
16.789 71.012 0.78736 1
20.557 71.06 0.82747 2
31.86 71.203 0.94871 3
35.628 71.251 0.98929 3
39.395 71.299 1.0303 1
9.1183 74.383 1.4833 1
20.421 74.527 1.605 1
-21.159 77.467 1.9372 1
16.518 77.945 2.342 1
-10.126 84.543 3.6145 1
1.0419 88.153 4.5137 1
31.184 88.535 4.8378 2
23.513 91.905 5.5346 2
-28.889 -14.126 -15.082 1
-47.863 -10.898 -14.507 1
-44.095 -10.851 -14.466 3
-47.998 -7.4318 -13.729 1
27.356 -6.4775 -12.919 1
-48.133 -3.9653 -12.951 1
-48.674 9.8998 -9.8402 3
-63.88 13.175 -9.2244 1
-60.113 13.223 -9.1842 1
-48.81 13.366 -9.0627 3
-60.248 16.689 -8.4059 1
-33.344 2.8538 -29.412 3
40.533 42.242 -1.8681 3
40.398 45.709 -1.0897 3
44.031 49.223 -0.27202 3
47.798 49.27 -0.23102 3
-5.0848 52.068 -0.020911 1
43.895 52.689 0.50642 3
47.663 52.737 0.54654 3
51.296 56.251 1.3651 3
-16.658 58.858 1.4134 1
51.16 59.717 2.1422 3
-46.935 61.943 1.8669 1
-13.026 62.372 2.2319 1
-9.2583 62.419 2.2721 1
47.257 63.136 2.8796 3
-43.303 65.457 2.6854 1
-39.535 65.504 2.7264 1
1.9096 66.029 3.1722 1
5.6773 66.077 3.2123 2
-47.206 68.875 3.4224 1
-43.438 68.922 3.4634 1
5.5421 69.544 3.9899 2
50.755 70.116 4.4766 3
-43.844 79.321 5.7965 2
-43.979 82.788 6.574 2
-36.444 82.884 6.6556 2
-32.676 82.932 6.6958 2
-16.989 -29.174 -14.747 3
59.969 27.291 -1.4517 1
-45.662 29.419 -1.8082 1
52.299 30.661 -0.75489 1
-39.344 60.712 5.2726 1
5.8689 61.285 5.7585 2
-47.014 64.083 5.9699 1
-43.247 64.131 6.0101 1
-39.479 64.179 6.0502 1
-20.64 64.417 6.253 1
-1.8018 64.656 6.4558 1
5.7336 64.751 6.5369 1
1.8307 68.17 7.2744 2
9.3661 68.266 7.3546 2
35.74 68.599 7.6385 1
47.043 68.743 7.7602 3
9.2308 71.732 8.133 1
-47.555 77.949 9.0806 2
-43.788 77.996 9.1207 2
35.334 78.998 9.9716 1
-43.923 81.463 9.8991 2
-36.387 81.558 9.9803 2
-36.523 85.025 10.758 2
23.761 85.788 11.406 1
19.858 89.207 12.143 2
27.393 89.302 12.225 2
35.545 -22.898 -9.2995 3
38.772 -8.9847 -6.1479 1
56.528 18.984 0.27659 2
-61.082 38.302 3.6873 3
-53.547 38.398 3.7689 3
-57.45 41.816 4.5058 3
-57.585 45.283 5.2834 3
-1.6103 59.864 9.002 1
-43.19 62.805 9.3347 1
-39.423 62.852 9.3748 1
-1.7455 63.33 9.7804 2
39.699 63.855 10.226 1
9.4223 66.939 10.679 2
-47.364 73.156 11.627 2
23.769 -11.621 -28.59 3
-47.499 76.623 12.405 2
-36.331 80.232 13.304 2
16.417 80.901 13.871 2
-40.234 83.651 14.041 2
-36.466 83.698 14.082 2
16.282 84.367 14.649 2
23.682 87.929 15.509 2
-29.202 90.727 15.719 3
16.011 91.3 16.205 2
6.0006 -38.471 -9.4103 1
43.272 -27.594 -6.6716 2
47.04 -27.547 -6.6312 3
23.634 -8.1553 -27.813 3
-63.982 16.131 2.3048 3
-46.226 44.1 8.7297 1
-1.4188 55.072 11.55 1
-1.554 58.539 12.327 1
47.426 59.159 12.854 2
-50.67 61.384 12.578 1
-46.902 61.431 12.618 1
-39.366 61.527 12.7 1
-24.296 61.719 12.862 2
32.22 62.434 13.47 3
-43.269 64.945 13.437 1
-13.128 65.328 13.761 2
13.246 65.662 14.044 2
32.085 65.901 14.247 3
-13.263 68.795 14.539 2
13.111 69.128 14.823 2
35.717 69.415 15.066 3
39.485 69.463 15.106 3
-47.308 71.831 14.952 2
-17.166 72.213 15.276 1
-9.6304 72.308 15.357 2
-5.8627 72.356 15.398 2
-39.907 75.393 15.81 2
-36.14 75.44 15.851 2
-32.372 75.488 15.892 2
-9.7657 75.775 16.135 1
-40.043 78.858 16.588 2
-32.507 78.955 16.669 2
16.473 79.575 17.196 2
24.008 79.67 17.277 2
20.106 83.089 18.015 2
23.873 83.137 18.055 2
-36.545 85.839 18.185 2
16.203 86.508 18.752 2
19.97 86.556 18.792 2
23.738 86.603 18.833 2
-2.7713 89.735 19.327 2
-39.02 -43.836 -7.35 3
-39.156 -40.37 -6.5716 3
47.231 -32.339 -4.0844 3
39.561 -28.967 -3.388 1
39.425 -25.501 -2.6095 1
39.29 -22.035 -1.8324 1
-47.638 -16.2 -1.2084 1
-0.41578 29.482 9.4291 1
36.044 61.157 16.835 1
-39.445 63.668 16.802 1
-24.375 63.86 16.964 2
35.909 64.623 17.612 1
-39.581 67.135 17.58 2
-5.6712 67.564 17.945 1
-1.9035 67.611 17.985 1
-39.716 70.6 18.358 2
-5.8065 71.03 18.722 1
-39.851 74.067 19.135 2
-32.451 77.629 19.994 2
16.529 78.249 20.521 3
20.297 78.298 20.561 2
-43.889 80.951 20.651 2
-32.586 81.095 20.772 2
20.162 81.763 21.339 2
27.697 81.859 21.42 2
20.027 85.23 22.117 2
27.562 85.325 22.198 2
18.093 -58.311 -6.5285 1
-43.273 -31.344 -0.95486 1
-50.944 -27.973 -0.25753 3
-39.64 -27.83 -0.1363 1
-51.079 -24.507 0.51956 3
31.811 -23.456 1.411 1
35.443 -19.942 2.2296 1
45.935 0.99896 7.0178 1
44.312 42.595 16.351 1
-50.692 62.199 20.006 1
-5.4797 62.772 20.491 1
-50.827 65.665 20.783 1
-5.6149 66.239 21.269 1
-50.963 69.132 21.56 1
-39.66 69.276 21.682 2
-43.563 72.694 22.419 2
-39.795 72.741 22.46 2
16.721 73.458 23.067 3
-39.93 76.208 23.237 2
16.586 76.924 23.846 3
-43.833 79.627 23.975 2
-40.065 79.674 24.016 2
-36.298 79.722 24.056 2
27.753 80.534 24.745 2
31.521 80.581 24.785 2
-32.665 83.236 24.874 2
12.547 83.809 25.36 3
20.083 83.904 25.441 2
27.618 84 25.523 2
31.386 84.047 25.563 2
1.109 87.132 26.016 2
16.045 90.79 26.956 2
-38.773 -49.953 -1.4787 3
36.582 -48.998 -0.66834 3
-38.908 -46.487 -0.70029 3
-39.043 -43.02 0.077271 3
-5.1337 -42.591 0.44143 1
-50.887 -29.299 3.0671 3
-47.12 -29.251 3.1072 3
-39.584 -29.155 3.1888 1
31.867 -24.782 4.7361 1
-59.369 -5.1298 8.4305 3
-59.505 -1.6633 9.2079 3
52.85 17.1 14.312 2
52.715 20.567 15.09 1
48.812 23.986 15.828 1
52.58 24.033 15.868 1
59.574 37.994 19.06 3
51.092 62.163 24.424 3
47.189 65.581 25.16 3
50.957 65.629 25.201 3
16.912 68.666 25.614 3
20.68 68.713 25.655 3
-28.435 71.559 25.906 3
16.777 72.132 26.392 3
20.545 72.18 26.433 3
-43.642 74.834 26.522 2
-39.874 74.883 26.562 2
12.739 79.017 27.907 3
-34.678 -58.164 0.33137 3
36.773 -53.791 1.8787 3
-34.949 -51.231 1.8865 3
-1.0392 -50.802 2.2515 1
40.406 -50.277 2.6973 3
36.503 -46.858 3.4347 3
40.27 -46.81 3.4748 3
44.038 -46.762 3.5149 3
47.671 -43.248 4.3335 3
47.4 -36.315 5.8895 3
51.032 -32.802 6.7076 3
47.13 -29.383 7.445 3
50.897 -29.335 7.4851 3
50.762 -25.868 8.2627 3
54.394 -22.354 9.0813 3
-51.642 -9.826 11.058 3
52.636 22.707 19.192 1
56.269 26.222 20.011 1
59.766 33.202 21.607 3
59.631 36.668 22.384 3
51.825 43.506 23.859 3
55.592 43.553 23.9 3
55.457 47.019 24.677 3
43.613 60.742 27.667 3
17.104 63.873 28.161 3
47.246 64.256 28.485 3
16.969 67.34 28.939 3
-20.844 70.329 29.311 2
16.833 70.807 29.717 3
-17.211 73.843 30.13 2
-28.65 77.166 30.786 3
-17.347 77.31 30.908 2
-8.1127 -62.621 3.1611 1
6.9582 -62.43 3.3238 1
29.429 -58.677 4.3443 3
33.197 -58.63 4.3853 3
10.455 -55.45 4.9194 1
36.829 -55.116 5.2038 3
-34.892 -52.557 5.2111 3
40.462 -51.601 6.0215 3
-46.601 -42.3 7.423 3
-46.872 -35.368 8.9785 3
-47.007 -31.902 9.756 3
17.973 40.325 -16.965 2
-50.91 -28.483 10.493 3
47.051 -27.242 11.547 3
50.818 -27.194 11.587 3
21.74 40.374 -16.924 2
46.104 -2.978 16.992 3
49.872 -2.93 17.032 3
59.687 35.343 25.709 3
55.784 38.761 26.446 3
55.513 45.694 28.002 3
-12.576 51.767 28.828 1
-31.143 43.172 -16.714 3
43.669 59.416 30.991 3
47.437 59.464 31.032 3
-27.375 43.219 -16.673 3
47.302 62.93 31.81 3
17.025 66.014 32.263 2
13.122 69.433 33.001 3
20.657 69.528 33.082 3
17.837 43.792 -16.187 2
12.987 72.9 33.779 3
20.522 72.995 33.859 3
24.29 73.043 33.9 3
28.058 73.09 33.94 3
21.605 43.84 -16.147 2
25.373 43.887 -16.106 2
10.647 -60.242 7.4661 1
6.744 -56.823 8.2035 1
32.908 43.983 -16.025 1
10.512 -56.776 8.2445 1
33.118 -56.489 8.4874 3
-8.4621 -53.548 8.8192 1
-4.6944 -53.5 8.8602 1
29.08 -49.604 10.002 1
-46.951 -33.228 13.081 3
-1.7382 -32.655 13.566 1
39.571 -28.663 14.791 3
47.107 -28.568 14.872 3
50.604 -21.587 16.468 3
-31.278 46.638 -15.935 3
-27.51 46.686 -15.895 3
46.025 -0.83716 21.094 3
-49.115 22.234 25.525 3
-0.67543 36.719 29.163 1
21.47 47.306 -15.368 2
25.238 47.354 -15.328 2
32.773 47.45 -15.246 2
36.325 54.528 33.457 3
36.19 57.995 34.235 3
47.493 58.138 34.357 3
-38.949 50.009 -15.239 1
43.59 61.556 35.094 3
17.081 64.689 35.588 2
24.481 68.251 36.447 3
-35.937 70.953 36.576 3
-27.646 50.151 -15.118 2
-17.234 74.658 37.556 2
-21.137 78.077 38.294 2
-17.369 78.124 38.334 2
-13.602 78.172 38.375 1
-15.4 -68.834 8.9521 1
21.335 50.773 -14.591 2
-4.3677 -61.758 10.629 1
25.102 50.82 -14.55 3
21.736 -54.492 12.468 3
33.039 -54.348 12.59 1
35.86 -30.037 18.074 3
39.628 -29.989 18.115 3
43.395 -29.941 18.156 3
35.725 -26.57 18.853 3
39.492 -26.523 18.893 3
43.26 -26.475 18.933 3
47.028 -26.427 18.974 3
39.357 -23.056 19.67 3
43.125 -23.009 19.711 3
-35.316 53.523 -14.421 2
46.893 -22.961 19.752 3
-31.549 53.571 -14.38 2
-27.781 53.618 -14.339 2
-38.161 31.451 31.304 3
21.199 54.239 -13.813 2
48.226 39.48 33.792 3
24.967 54.287 -13.772 3
-57.541 45.077 34.213 3
-50.005 45.172 34.294 3
40.42 46.318 35.267 3
28.735 54.334 -13.732 3
-53.908 48.591 35.032 3
36.517 49.737 36.004 3
36.382 53.203 36.782 3
40.149 53.251 36.822 3
-50.411 55.572 36.628 3
-46.755 56.846 -13.765 1
-42.987 56.893 -13.724 1
43.782 56.765 37.641 3
43.647 60.231 38.419 3
17.137 63.363 38.913 2
-31.684 57.037 -13.602 2
-27.916 57.084 -13.562 2
13.099 70.248 40.427 1
-24.148 57.132 -13.522 2
24.267 73.858 41.327 3
-0.54368 -63.037 13.994 3
6.8565 -59.475 14.853 1
6.7213 -56.008 15.63 1
2.8183 -52.589 16.368 1
21.657 -52.35 16.571 3
2.683 -49.124 17.146 1
25.289 -48.837 17.389 3
17.296 57.657 -13.076 2
2.5478 -45.657 17.923 1
21.064 57.705 -13.035 2
24.832 57.752 -12.995 3
43.722 -38.199 19.925 1
28.6 57.801 -12.954 3
32.367 57.849 -12.913 3
-43.611 -21.966 22.882 1
39.278 -20.915 23.773 3
36.135 57.896 -12.873 1
-55.591 -4.7769 26.649 1
-31.819 60.503 -12.825 2
-28.051 60.551 -12.784 3
17.161 61.124 -12.298 2
20.929 61.172 -12.258 2
43.973 51.973 40.188 3
28.464 61.267 -12.176 3
13.426 61.99 42.197 1
-17.121 72.007 44.206 2
-13.354 72.055 44.246 1
-13.489 75.521 45.024 1
-28.187 64.017 -12.006 2
-0.7579 -57.429 18.874 1
6.7775 -57.333 18.955 1
-0.89315 -53.963 19.652 1
6.6423 -53.867 19.733 1
25.481 -53.629 19.935 3
-1.0284 -50.496 20.43 1
6.3718 -46.934 21.288 1
36.108 -36.154 23.946 1
39.875 -36.107 23.987 1
20.902 -32.879 24.561 1
-39.787 -23.243 26.247 3
20.794 64.638 -11.479 3
-36.02 -23.195 26.287 3
-32.252 -23.148 26.327 3
28.329 64.733 -11.399 3
32.097 64.781 -11.358 3
-51.902 -2.5887 30.792 2
-28.322 67.483 -11.229 2
-45.719 32.17 38.651 1
24.426 68.152 -10.661 3
-4.4693 -58.803 22.158 1
-0.70164 -58.754 22.199 1
-23.443 -55.575 22.733 3
-23.578 -52.109 23.512 3
6.5633 -51.727 23.835 1
2.6603 -48.308 24.573 1
2.5251 -44.842 25.351 1
24.291 71.618 -9.8834 2
39.796 -33.965 28.089 1
-20.757 -27.797 28.996 3
31.314 -9.7967 33.452 3
-48.213 -0.4 34.934 1
-33.143 -0.20929 35.097 1
21.11 56.075 -27.889 2
-25.878 6.8188 36.733 1
45.574 11.192 38.281 1
45.438 14.659 39.059 1
24.156 75.085 -9.1059 2
44.627 35.456 43.725 1
-24.96 77.93 -8.8547 3
25.518 42.151 45.078 3
-38.668 44.805 45.168 3
10.041 52.358 47.249 3
-1.3971 55.682 47.907 3
-12.971 62.471 49.34 1
17.036 66.319 50.442 1
-4.4131 -60.128 25.483 1
24.02 78.551 -8.3274 2
-0.64537 -60.08 25.523 1
6.7548 -56.519 26.382 1
10.523 -56.471 26.422 1
6.6196 -53.052 27.16 1
-1.0511 -49.681 27.857 1
2.5814 -46.167 28.675 1
-5.2246 -39.33 30.15 3
2.1756 -35.769 31.008 3
16.35 81.922 -7.6315 2
-21.107 -18.723 34.654 3
20.338 -18.198 35.1 2
-21.242 -15.257 35.432 3
-21.377 -11.79 36.209 2
-44.119 -8.6108 36.745 1
-29.048 -8.4196 36.906 3
-21.513 -8.3243 36.987 2
23.7 -7.7513 37.473 2
42.538 -7.5126 37.676 3
-48.022 -5.1922 37.482 1
-44.254 -5.1443 37.522 1
19.797 -4.3326 38.211 2
23.565 -4.2852 38.252 2
23.429 -0.81911 39.029 2
-29.589 5.445 40.017 1
-25.821 5.4937 40.058 1
23.159 6.1139 40.585 1
-37.801 22.682 43.825 3
-34.168 26.196 44.644 3
-34.303 29.662 45.421 3
-38.612 43.48 48.492 3
-34.844 43.527 48.532 3
-16.006 43.766 48.735 3
-12.779 57.679 51.887 2
6.5406 -50.911 31.262 1
-1.1301 -47.541 31.959 1
-1.2653 -44.074 32.736 1
-12.704 -40.752 33.393 2
-1.4006 -40.608 33.515 1
-35.445 -37.571 33.928 3
20.665 -26.456 36.869 1
-39.754 -23.753 36.998 3
-36.257 -16.773 38.594 3
-40.43 -6.4222 40.887 1
26.983 4.8357 43.95 1
-29.058 -10.149 -25.056 3
-3.9703 25.252 48.292 3
38.761 -9.2899 -24.327 1
-0.33782 28.766 49.11 2
26.036 29.101 49.395 3
-34.788 42.202 51.858 3
-4.571 -55.847 33.688 1
16.019 -6.1101 -23.791 1
-4.7063 -52.38 34.465 1
-1.0738 -48.866 35.284 1
-20.183 -42.172 36.637 1
-16.415 -42.125 36.677 1
-5.112 -41.981 36.798 2
-24.086 -38.754 37.374 1
-20.318 -38.706 37.414 1
9.8236 -38.324 37.738 1
-13.188 -28.212 39.828 1
13.186 -27.877 40.113 3
1.7472 -24.554 40.769 3
20.18 -13.917 43.304 3
17.551 -43.021 40.366 1
-16.629 -36.518 41.557 3
5.9769 -36.231 41.8 1
13.377 -32.669 42.659 3
20.236 -15.242 46.629 3
23.869 -11.728 47.447 3
17.207 59.493 -27.152 1
0.85669 -1.6156 49.537 1
12.16 -1.4724 49.66 1
49.523 4.7189 -21.094 1
23.192 5.6039 51.336 1
-15.161 22.458 54.82 2
3.6777 22.696 55.023 2
-60.011 10.267 -20.713 2
16.525 -16.616 49.913 1
-17.464 -14.905 53.651 3
4.7369 -4.219 56.227 1
33.641 25.326 -16.589 3
-26.778 28.028 -16.459 2
33.505 28.792 -15.812 3
-38.487 38.284 -14.248 1
25.564 39.095 -13.559 2
29.332 39.143 -13.519 2
-38.622 41.751 -13.47 1
-23.551 41.941 -13.307 2
-19.783 41.989 -13.267 2
-16.016 42.037 -13.227 2
17.894 42.466 -12.862 2
25.429 42.562 -12.781 2
-42.525 45.169 -12.733 1
-38.757 45.217 -12.692 1
21.526 45.98 -12.044 2
25.294 46.029 -12.003 2
-31.357 48.779 -11.833 3
-23.822 48.874 -11.753 2
21.391 49.447 -11.266 2
25.159 49.494 -11.226 2
-31.492 52.244 -11.056 2
-23.957 52.34 -10.974 2
17.488 52.866 -10.528 2
-24.092 55.806 -10.197 2
17.353 56.331 -9.7514 2
21.12 56.38 -9.71 2
32.424 56.522 -9.5887 3
36.191 56.57 -9.5486 3
20.985 59.846 -8.9329 2
24.753 59.893 -8.8928 2
32.288 59.989 -8.8112 3
20.85 63.312 -8.1553 2
24.618 63.359 -8.1143 2
-39.569 66.015 -8.0254 3
20.715 66.778 -7.3769 2
43.321 67.065 -7.1339 3
20.579 70.244 -6.5998 2
24.212 73.758 -5.7812 3
