-38.702 5.9355 -37.484 3
-27.468 0.28207 -30.005 1
55.115 43.306 1.0207 3
-61.984 49.777 -2.3228 3
-46.908 58.483 -0.79706 3
39.934 64.178 2.8858 3
-20.504 67.382 1.1455 2
-50.73 71.096 0.51682 1
13.469 72.182 2.8808 2
17.245 72.246 3.0202 2
21.021 72.309 3.1592 2
9.6771 76.344 3.2261 2
13.454 76.407 3.3651 2
17.23 76.471 3.5045 2
-20.549 80.058 2.5974 2
5.8705 84.731 4.0557 2
20.961 89.211 5.0967 3
55.196 4.469 0.43435 2
51.389 12.856 1.264 2
51.283 42.433 4.6542 1
-54.516 57.546 2.697 3
-58.308 61.708 3.0432 1
-54.547 65.997 3.6659 1
-16.783 66.636 5.0573 2
9.6522 67.083 6.0309 2
17.205 67.211 6.3083 2
-50.785 70.286 4.2893 1
-24.351 70.734 5.2632 2
13.413 71.373 6.6536 2
-13.036 75.15 6.1652 2
2.0692 75.406 6.7211 2
5.8456 75.47 6.8604 2
13.398 75.598 7.1379 2
17.175 75.661 7.2769 2
-31.934 79.056 5.9534 2
-13.052 79.376 6.6495 2
-35.725 83.217 6.2983 2
32.924 9.7548 -26.811 3
5.8153 83.92 7.829 2
-31.979 91.732 7.4063 3
6.2596 -56.326 -4.3815 2
6.2444 -52.101 -3.8972 2
6.2293 -47.876 -3.4129 2
17.528 -39.233 -2.0262 2
58.826 29.075 7.2523 2
51.228 41.624 8.4274 1
47.437 45.785 8.7725 1
51.213 45.849 8.9117 1
-54.602 65.187 7.4393 1
-50.825 65.251 7.5787 1
-9.285 65.953 9.1081 2
9.597 66.273 9.8033 2
13.373 66.337 9.9427 2
17.15 66.4 10.082 2
-9.3001 70.178 9.5924 2
-50.856 73.701 8.5473 2
-5.5388 74.468 10.216 3
-1.7624 74.532 10.355 3
2.014 74.596 10.493 2
-31.989 78.246 9.7268 2
-16.883 78.502 10.283 2
-32.004 82.471 10.211 2
-28.227 82.535 10.35 2
-20.675 82.663 10.628 2
-13.122 82.791 10.906 2
13.298 87.464 12.364 2
20.851 87.591 12.642 2
-32.034 90.922 11.18 3
-24.481 91.05 11.457 3
-24.007 -57.647 -1.7208 2
-24.022 -53.422 -1.2365 2
-31.59 -49.324 -1.0306 3
51.37 -14.116 5.9037 3
-62.043 17.77 5.6062 3
51.158 45.039 12.684 1
54.934 45.103 12.824 1
-54.596 47.476 9.2749 1
-47.044 47.603 9.553 1
-43.313 60.343 11.145 3
13.333 61.301 13.231 2
5.7655 65.399 13.437 3
9.5419 65.463 13.576 2
-50.896 68.666 11.835 1
-47.119 68.73 11.975 1
13.303 69.752 14.2 2
28.409 70.008 14.756 3
-28.252 73.275 13.154 2
-43.373 77.245 13.083 2
-35.82 77.373 13.36 2
-32.044 77.437 13.499 2
-32.059 81.662 13.984 2
-16.969 86.142 15.025 2
-16.984 90.368 15.509 2
-13.207 90.432 15.648 1
-8.9564 -58.201 2.6088 2
-12.748 -54.04 2.9537 3
-1.4187 -53.848 3.3705 3
25.016 -53.401 4.3441 3
47.599 -31.891 7.6005 3
43.807 -27.73 7.9455 3
47.584 -27.666 8.0848 3
-39.289 -24.91 5.3706 1
43.792 -23.505 8.4298 3
51.3 -10.701 10.161 3
43.52 52.552 17.148 3
-47.129 55.245 14.295 2
32.16 60.811 17.699 3
35.937 60.875 17.839 3
-20.725 64.142 16.237 2
13.263 64.717 17.489 2
32.145 65.037 18.184 3
-50.951 67.857 15.609 1
-47.174 67.92 15.748 1
-35.845 68.112 16.165 2
13.248 68.942 17.973 2
-35.86 72.337 16.649 2
-9.4256 72.784 17.623 1
13.233 73.168 18.457 2
-43.428 76.435 16.855 2
-35.876 76.562 17.133 2
-28.323 76.691 17.412 2
32.1 77.712 19.637 1
-39.667 80.724 17.479 2
13.203 81.618 19.426 2
16.964 85.907 20.049 2
-13.263 89.622 19.421 1
-9.0116 -59.011 6.3812 2
9.8704 -58.692 7.0764 2
13.647 -58.628 7.2158 2
-27.909 -55.106 6.1703 2
-24.132 -55.041 6.3097 2
-24.147 -50.816 6.794 2
2.2874 -50.369 7.7676 2
-39.268 -46.846 6.7215 3
-35.507 -42.557 7.3452 3
-46.882 -30.073 8.3803 1
43.752 -28.539 11.719 3
-50.734 -9.0097 10.663 2
54.99 -2.9959 15.042 3
-23.606 -7.2946 -34.608 3
-28.332 63.204 19.732 2
-1.9128 67.877 21.19 1
-35.916 71.528 20.422 2
-5.7044 72.038 21.535 1
-1.928 72.102 21.674 1
13.178 72.358 22.23 2
20.73 72.486 22.509 2
-43.484 75.625 20.628 3
-17.049 76.072 21.602 2
-1.9431 76.328 22.158 2
13.162 76.584 22.715 2
16.939 76.647 22.854 2
28.268 76.839 23.271 3
32.044 76.903 23.41 3
13.147 80.809 23.199 2
16.924 80.872 23.338 2
-9.5262 84.65 22.849 2
13.132 85.034 23.683 2
21.144 -59.31 11.267 3
-5.3055 -55.532 10.777 3
-1.5291 -55.468 10.917 2
-9.097 -51.37 11.123 3
-1.5442 -51.243 11.401 2
2.2322 -51.179 11.54 2
9.785 -51.051 11.819 3
-31.771 -47.529 10.772 3
13.546 -46.762 12.441 3
-31.786 -43.303 11.257 3
43.712 -33.575 15.007 3
-50.713 -30.947 12.015 1
-46.937 -30.883 12.154 1
43.697 -29.349 15.492 3
-46.952 -26.657 12.638 1
51.159 -3.8698 18.676 3
-58.584 57.658 21.908 2
-51.031 57.786 22.186 3
-9.5057 62.714 24.2 1
-5.7293 62.777 24.339 1
-5.7444 67.004 24.823 1
-1.968 67.067 24.962 1
32.02 67.642 26.214 2
35.796 67.706 26.353 2
-5.7595 71.229 25.308 1
1.7933 71.356 25.586 1
-24.657 75.135 25.097 2
32.388 -51.477 16.426 3
-39.379 -48.466 14.268 3
2.1619 -47.764 15.797 1
-50.783 -27.531 16.272 1
47.403 -25.87 19.888 3
-54.575 -23.37 16.618 1
-47.022 -23.241 16.895 1
47.236 20.608 25.216 3
47.221 24.834 25.7 3
-51.056 48.525 24.99 3
-51.071 52.75 25.474 3
-47.295 52.815 25.613 3
54.668 54.539 29.369 3
54.653 58.764 29.853 3
-46.43 -10.108 -24.123 1
-39.787 65.619 27.345 3
-9.576 66.129 28.457 1
-39.802 69.844 27.829 3
-28.473 70.036 28.246 2
-28.488 74.261 28.731 2
-28.503 78.486 29.215 2
-24.727 78.55 29.354 2
-24.742 82.775 29.838 2
2.1369 -57.024 18.602 2
2.1218 -52.799 19.086 1
-5.4461 -48.701 19.292 1
5.8679 -44.285 20.194 2
-47.123 -11.376 22.122 1
-62.395 34.848 26.893 3
-27.398 -3.1336 -34.263 3
-47.365 56.23 29.871 3
-28.528 69.225 32.019 2
-5.4862 -53.736 22.581 1
-5.5013 -49.511 23.066 1
-23.622 -3.0694 -34.123 3
-9.2928 -45.35 23.411 2
-5.5164 -45.286 23.55 1
43.486 -19.103 28.263 2
47.202 -2.1377 30.34 3
-5.8645 51.897 34.689 3
-36.091 55.612 34.061 2
-5.8797 56.122 35.174 3
39.437 56.89 36.843 3
43.198 61.178 37.466 2
-21.016 64.318 35.586 3
-24.822 72.705 36.416 2
-5.5413 -54.546 26.354 1
-61.687 31.89 -19.836 2
-5.5565 -50.321 26.838 1
39.654 -19.977 31.898 2
-38.687 1.71 -37.968 3
-39.741 4.0336 31.883 1
-61.702 36.115 -19.351 2
-54.983 41.807 35.685 2
32.708 37.713 -15.874 3
-2.1433 51.151 38.601 2
-47.475 54.61 37.417 3
36.801 -2.048 -31.898 3
43.158 56.144 40.755 3
39.367 60.305 41.1 3
-36.191 67.478 39.287 2
-28.639 67.606 39.565 1
-5.6117 -51.13 30.611 1
-5.6268 -46.905 31.095 2
-20.763 -38.71 31.508 2
-32.107 -34.676 31.575 3
-20.793 -30.26 32.477 1
-35.929 -22.064 32.889 3
28.27 -20.979 35.254 3
-24.615 -17.647 33.791 3
-43.527 -9.5161 34.064 3
28.901 46.1 -15.045 3
46.91 46.947 43.697 3
9.0853 63.209 44.245 3
-9.8118 67.115 44.034 2
-50.419 48.983 -17.482 1
-39.089 49.175 -17.064 1
13.17 -38.945 36.533 1
-35.954 -31.325 35.693 3
-32.177 -31.261 35.833 3
-20.848 -31.069 36.249 1
28.886 50.325 -14.56 3
-35.969 -27.1 36.178 3
-20.863 -26.844 36.734 1
-23.637 1.1558 -33.639 3
28.215 -21.788 39.026 3
-24.67 -18.457 37.563 3
16.87 -17.755 39.094 3
-39.791 -14.487 37.492 2
-36.014 -14.424 37.631 2
-24.685 -14.232 38.047 3
-39.806 -10.262 37.976 3
-36.045 -5.9728 38.599 3
-57.987 53.08 -17.275 3
-39.836 -1.8112 38.945 3
-50.434 53.208 -16.997 1
-46.657 53.272 -16.858 1
36.423 54.678 -13.798 1
40.2 54.742 -13.659 1
-50.449 57.434 -16.513 1
-46.672 57.498 -16.374 1
-39.12 57.625 -16.095 1
-32.48 53.247 45.519 2
-32.495 57.472 46.003 2
-28.719 57.535 46.142 2
-31.567 57.754 -15.818 2
-9.5287 -44.364 38.986 2
-24.014 57.881 -15.539 2
1.7702 -35.722 40.373 3
32.632 58.839 -13.453 1
-5.8128 -27.398 41.063 3
-46.688 61.723 -15.889 1
-32.293 -15.169 41.543 3
-24.74 -15.042 41.821 3
-42.911 61.787 -15.75 1
-39.861 -11.072 41.748 2
-32.308 -10.944 42.027 3
-28.532 -10.88 42.166 3
-39.876 -6.8464 42.233 3
-31.582 61.979 -15.333 2
-13.456 -2.1743 43.691 1
-27.806 62.042 -15.194 2
-24.029 62.106 -15.055 2
35.606 7.1076 46.468 2
39.383 7.1709 46.607 2
-27.821 66.268 -14.71 2
36.786 2.1777 -31.413 3
-39.165 70.302 -14.642 1
-36.221 27.02 46.247 1
-31.612 70.429 -14.365 2
-42.957 74.463 -14.297 1
12.842 36.301 49.024 3
-39.18 74.527 -14.158 1
5.2742 40.399 49.23 3
-35.419 78.816 -13.535 1
-5.8377 -36.659 43.868 3
-5.8529 -32.434 44.352 3
-5.8983 -19.757 45.804 3
1.6545 -19.63 46.083 3
-28.572 -15.915 45.454 3
20.521 -15.085 47.262 3
-28.587 -11.69 45.939 3
-28.602 -7.4646 46.423 3
-13.496 -7.2093 46.98 2
28.044 -6.5067 48.51 2
31.82 -6.4425 48.649 3
-36.17 -3.3675 46.63 2
-13.512 -2.9838 47.464 2
27.974 -3.0907 52.767 3
24.152 9.5215 54.081 1
-27.428 5.3172 -33.294 3
-23.652 5.3811 -33.155 3
40.145 53.932 -9.886 1
43.921 53.996 -9.7467 1
-46.728 56.688 -12.601 1
-31.622 56.943 -12.044 3
21.248 57.837 -10.097 2
25.024 57.902 -9.9585 3
36.353 58.093 -9.5408 1
40.13 58.157 -9.4017 1
-50.519 60.849 -12.255 1
-46.743 60.914 -12.117 1
-35.414 61.105 -11.699 3
-31.637 61.169 -11.56 3
17.456 61.999 -9.7517 2
25.009 62.127 -9.4742 3
36.338 62.319 -9.0565 1
-46.758 65.139 -11.632 1
-42.982 65.203 -11.493 1
-27.876 65.458 -10.936 2
17.441 66.224 -9.2674 2
21.217 66.288 -9.128 2
28.77 66.416 -8.8505 3
36.323 66.544 -8.5722 1
-42.997 69.428 -11.009 1
-39.22 69.491 -10.87 1
-31.667 69.62 -10.591 3
-24.115 69.748 -10.313 2
-16.562 69.875 -10.035 2
13.649 70.386 -8.9221 2
21.202 70.514 -8.6446 2
28.755 70.641 -8.3663 3
-43.012 73.653 -10.524 1
-35.459 73.781 -10.246 1
-24.13 73.973 -9.8291 2
-39.251 77.943 -9.9007 1
-35.474 78.006 -9.7616 1
-27.443 9.5426 -32.809 3
-27.921 78.135 -9.4838 2
-24.145 78.198 -9.3448 3
36.277 79.22 -7.1189 2
-31.728 86.52 -8.6537 1
-38.942 -24.276 -17.752 1
-42.734 -20.115 -17.407 1
47.854 -5.9053 -12.616 2
-50.393 9.3354 -14.295 1
48.085 10.82 -30.028 3
-38.788 13.576 -32.742 3
43.881 48.961 -6.4585 3
47.642 53.25 -5.8349 3
-27.901 56.197 -8.1323 2
13.64 56.901 -6.6025 2
-43.022 60.167 -8.2038 3
13.624 61.126 -6.1182 2
21.177 61.253 -5.8399 2
24.954 61.318 -5.7005 3
17.386 65.415 -5.4946 2
21.162 65.478 -5.3556 2
24.938 65.543 -5.2162 3
28.715 65.606 -5.0772 3
9.8178 69.513 -5.2887 2
13.594 69.576 -5.1497 2
17.371 69.64 -5.0103 2
24.923 69.768 -4.7319 3
28.7 69.832 -4.5925 3
-39.291 72.907 -6.6125 1
6.0262 73.674 -4.9428 2
17.355 73.865 -4.526 2
21.132 73.93 -4.3866 2
24.908 73.993 -4.2476 3
21.117 78.155 -3.9023 2
-31.768 81.486 -5.3652 1
44.083 -23.681 -10.919 2
-50.357 -16.826 -13.427 2
-42.835 -8.2485 -12.181 2
-61.792 12.559 -10.454 3
-61.807 16.784 -9.9703 3
58.977 35.73 -3.5822 3
51.409 39.828 -3.3763 3
58.962 39.955 -3.0979 3
51.394 44.053 -2.892 3
55.17 44.117 -2.7527 3
-65.69 46.298 -6.7189 3
-61.913 46.362 -6.5795 3
-58.152 50.652 -5.9558 3
36.243 56.474 -1.9946 3
40.019 56.537 -1.8556 3
-54.406 59.165 -4.8482 2
40.004 60.762 -1.3713 3
24.883 64.733 -1.4438 2
32.421 69.086 -0.68073 3
36.182 73.375 -0.057409 3
-46.914 76.195 -2.6332 1
-43.137 76.259 -2.4939 1
-43.152 80.484 -2.0096 1
-39.376 80.548 -1.8702 1
5.9256 85.54 0.28288 2
-39.098 -13.22 -8.7529 2
32.969 -2.9213 -28.264 3
-54.295 11.877 -6.4031 1
