60.858 15.365 -14.293 2
60.936 18.928 -14.298 2
68.086 25.947 -14.139 3
68.163 29.509 -14.144 3
-5.0435 41.3 -15.957 1
-29.446 45.23 -16.561 2
26.587 47.951 -15.198 2
47.57 47.636 -14.685 1
-25.793 52.302 -16.486 2
44.15 51.251 -14.776 1
-46.698 56.18 -17.005 3
-25.715 55.864 -16.492 2
44.228 54.813 -14.782 1
-11.649 59.216 -16.156 1
30.317 58.586 -15.13 3
26.898 62.2 -15.221 2
30.395 62.148 -15.135 2
-32.476 66.656 -16.68 2
33.97 65.657 -15.055 3
37.701 76.292 -14.987 2
34.359 83.469 -15.084 1
24.49 -48.471 -11.046 2
-3.4098 -44.488 -11.735 3
-44.909 -22.484 -12.795 1
-48.328 -18.869 -12.886 3
-48.25 -15.307 -12.892 1
-65.036 17.016 -13.37 1
-64.88 24.141 -13.381 3
-64.724 31.265 -13.392 3
47.496 43.832 -10.679 3
33.586 47.605 -11.027 2
30.166 51.22 -11.118 2
44.155 51.009 -10.776 1
58.144 50.799 -10.434 3
61.641 50.747 -10.348 3
-57.185 56.096 -13.261 3
30.244 54.782 -11.123 2
-57.107 59.658 -13.266 3
-25.633 59.185 -12.497 2
30.322 58.344 -11.129 2
-22.058 62.695 -12.417 2
26.903 61.959 -11.22 2
30.4 61.906 -11.135 2
30.478 65.469 -11.14 2
37.861 83.175 -10.997 1
32.784 13.189 -30.974 2
-21.202 -58.716 -8.1397 2
-35.113 -54.944 -8.4873 1
-24.544 -51.539 -8.2364 1
39.261 -13.3 -6.7593 1
-33.507 21.312 -32.61 2
5.5351 44.222 -7.7041 2
58.148 50.558 -6.4329 3
58.226 54.12 -6.4385 3
30.482 65.227 -7.1394 2
-41.352 -18.009 -28.718 1
-34.358 -18.114 -28.547 1
-24.773 -62.467 -4.2188 1
-51.766 -14.289 -28.981 1
46.183 -17.209 -2.5819 1
49.835 -10.137 -2.5076 1
56.985 -3.1176 -2.3479 1
-44.121 12.656 -4.8497 1
54.656 50.369 -2.5176 3
58.231 53.879 -2.4377 3
-60.595 59.228 -5.3502 1
54.811 57.493 -2.5289 3
58.309 57.441 -2.4434 3
58.386 61.003 -2.449 3
-39.456 66.037 -4.8485 1
51.47 64.671 -2.6256 3
-32.384 69.494 -4.6831 1
51.626 71.795 -2.6368 3
34.529 89.869 -3.0924 2
-31.529 -51.917 -0.40583 3
-55.464 -26.613 -1.0436 1
-55.386 -23.05 -1.0492 1
-55.308 -19.488 -1.0549 1
42.69 -17.398 1.3334 1
49.918 -6.8161 1.4876 1
49.996 -3.2538 1.4819 2
14.748 -11.243 -35.363 1
-68.052 37.718 -1.4867 2
18.8 13.158 -27.316 3
-60.668 55.424 -1.3438 1
-46.602 58.776 -1.0075 2
23.497 64.85 0.69123 2
-40.496 21.176 -28.78 2
-11.085 83.187 -0.19182 3
-33.502 21.071 -28.609 2
-35.487 87.117 -0.79591 2
-35.41 90.679 -0.80153 2
13.629 93.506 0.3898 2
42.15 -42.575 5.3735 3
-51.884 -23.344 3.037 1
-51.807 -19.782 3.0314 1
49.767 -14.182 5.4996 1
-41.082 -9.253 3.2711 3
60.803 10.596 5.7167 1
64.378 14.106 5.7966 1
-60.663 55.183 2.657 1
-57.166 55.131 2.7425 1
-22.039 61.729 3.5862 2
-18.542 61.677 3.6717 2
-15.045 61.624 3.7572 2
-8.0503 61.519 3.9282 2
-25.458 65.344 3.4951 2
55.288 78.384 5.439 1
-42.555 83.418 3.0395 3
44.952 85.667 5.1713 3
-17.764 -63.296 7.9546 1
-0.27846 -63.559 8.3821 1
-7.0393 -52.767 8.1942 3
-33.035 42.444 -28.643 2
38.657 -42.764 9.2888 3
42.155 -42.816 9.3743 3
45.73 -39.307 9.4542 3
-39.874 49.674 -28.825 1
-39.796 53.236 -28.831 1
-36.299 53.184 -28.745 3
61.586 45.977 9.6614 1
65.083 45.925 9.7469 1
-43.095 58.241 7.0796 2
-39.718 56.799 -28.836 1
-60.503 62.066 6.6465 1
-22.034 61.488 7.587 2
-18.537 61.436 7.6725 2
-60.425 65.629 6.6409 1
-56.928 65.576 6.7264 1
-21.879 68.613 7.5757 2
-53.275 72.648 6.8007 1
6.1766 71.754 8.2541 2
-39.131 79.562 7.1314 2
-42.55 83.177 7.0403 3
-35.556 83.072 7.2113 2
-34.353 -18.355 -24.547 1
41.46 85.478 9.0866 2
-35.322 93.759 7.1944 2
41.615 92.602 9.0753 2
-51.761 -14.53 -24.98 3
-17.448 -49.289 11.933 1
-34.856 -45.464 11.5 3
-31.359 -45.516 11.585 3
38.662 -43.005 13.29 3
42.159 -43.058 13.375 3
-34.276 -14.793 -24.552 1
-45.114 -34.619 11.226 3
-58.947 -27.284 10.873 2
-65.241 4.8813 10.652 2
-51.684 -10.968 -24.985 3
61.825 56.423 13.645 1
27.009 64.073 12.779 2
-21.874 68.371 11.577 2
27.086 67.635 12.773 2
16.673 71.355 12.511 2
-32.132 79.216 11.303 2
44.806 78.059 13.184 3
-32.054 82.778 11.298 2
-55.025 -3.791 -25.082 1
-10.605 -56.76 16.116 1
-45.032 -31.298 15.222 3
-41.535 -31.351 15.307 3
-47.875 3.2284 -24.922 1
-51.87 -24.068 15.039 3
-47.797 6.7907 -24.928 1
-36.558 36.28 15.286 1
65.171 49.004 17.743 1
-58.211 10.511 -25.19 1
-1.0419 60.69 16.102 1
23.827 78.133 16.672 2
-32.049 82.537 15.298 2
44.966 84.942 17.174 2
-0.10874 -57.159 20.373 1
28.18 -43.33 21.035 3
-45.105 -35.102 19.228 3
38.827 -36.363 21.28 3
-54.896 -2.8837 18.921 3
51.576 66.785 21.374 1
2.7713 74.645 20.165 3
30.749 74.225 20.849 2
20.335 77.945 20.587 3
-14.171 -60.752 24.038 1
-14.093 -57.19 24.032 1
-14.015 -53.628 24.026 1
-10.518 -53.68 24.112 1
-3.5234 -53.785 24.283 1
-27.926 -49.855 23.679 3
38.832 -36.605 25.281 3
-52.017 -31.676 23.052 3
38.91 -33.042 25.275 3
-58.777 -20.884 22.864 3
-55.28 -20.936 22.95 3
43.029 -4.5968 25.316 3
46.527 -4.6494 25.401 3
57.252 5.8797 25.641 1
-47.352 21.706 23.053 1
-22.694 34.921 -24.374 2
2.5425 63.717 24.183 1
40.255 33.975 -22.835 3
-39.112 78.597 23.135 2
-10.513 -53.921 28.113 1
-10.435 -50.359 28.107 1
-10.357 -46.797 28.101 1
-34.76 -42.867 27.497 3
31.764 -40.303 29.116 3
35.339 -36.793 29.196 3
-44.706 -17.773 27.202 3
-2.7403 -18.404 28.227 3
49.951 -8.5056 29.493 3
43.034 -4.8382 29.316 3
46.531 -4.8908 29.402 3
39.615 -1.2234 29.225 3
-57.917 18.06 26.803 2
57.49 16.325 29.625 2
54.46 37.751 29.506 1
6.0443 63.423 28.269 1
-21.699 74.53 27.568 2
44.747 73.532 29.193 3
48.244 73.479 29.278 2
-58.535 -10.68 30.849 1
-36.372 49.38 -24.739 1
39.62 -1.4647 33.226 3
47.237 26.928 33.352 3
57.806 30.333 33.603 3
-46.72 49.721 31.01 3
-12.84 6.9891 -36.075 3
-36.294 52.942 -24.744 1
44.751 73.29 33.194 3
23.846 77.168 32.675 3
27.343 77.115 32.761 3
44.829 76.853 33.188 3
10.013 84.503 32.322 3
-36.216 56.505 -24.75 1
21.126 -47.753 36.872 1
38.924 -33.766 37.277 1
-58.063 10.452 34.816 2
-25.647 59.909 -24.499 2
46.93 12.438 37.375 2
50.427 12.385 37.461 2
43.511 16.053 37.284 2
-50.757 24.596 34.965 2
54.236 26.582 37.524 3
57.733 26.529 37.609 3
54.313 30.144 37.518 3
44.756 73.049 37.194 2
7.1425 -47.784 40.531 1
-41.343 -18.492 -20.717 1
-40.572 9.9483 39.244 3
53.851 8.5291 41.553 2
-54.172 27.97 38.874 3
57.815 29.85 41.605 3
5.5913 41.325 40.305 3
33.569 40.905 40.989 3
58.127 44.099 41.582 3
-43.058 56.31 39.086 3
-7.8525 66.471 39.924 3
-25.183 73.859 39.485 3
20.358 76.738 40.591 3
0.30853 -40.796 44.35 3
0.54205 -30.109 44.333 3
18.339 -16.122 44.738 3
-30.543 -11.824 43.535 2
-33.963 -8.2095 43.444 2
-30.465 -8.2621 43.53 2
-37.382 -4.5947 43.353 3
-30.248 10.814 -36.508 1
-51.445 -0.52265 -21.001 1
54.478 36.786 45.509 2
-61.859 3.1973 -21.264 3
-54.865 3.0922 -21.093 1
-39.634 52.454 43.178 3
-39.556 56.016 43.172 3
-47.793 6.5493 -20.927 1
-28.831 66.545 43.412 2
-21.836 66.44 43.583 3
-7.8478 66.23 43.925 3
-51.212 10.164 -21.018 1
-20.514 -33.597 47.826 1
-10.023 -33.755 48.083 3
-20.436 -30.035 47.821 1
-2.7948 -23.173 48.237 3
21.685 -23.541 48.836 3
-9.7112 -19.506 48.06 3
0.78025 -19.663 48.317 3
21.763 -19.979 48.83 3
18.344 -16.364 48.739 3
0.93592 -12.539 48.306 3
1.0138 -8.9765 48.3 3
4.5109 -9.0291 48.386 3
-37.377 -4.836 47.354 3
22.075 -5.7296 48.807 3
22.23 1.3949 48.796 3
25.727 1.3424 48.882 3
43.369 8.2041 49.298 2
-26.341 19.942 47.571 3
37.62 65.305 49.037 1
-20.509 -33.838 51.827 1
7.4679 -34.259 52.511 1
-9.5509 -12.622 52.05 3
25.421 -13.148 52.905 3
-9.473 -9.0602 52.044 3
25.499 -9.5858 52.899 3
-44.367 -4.9723 51.184 3
18.582 -5.9184 52.723 3
22.157 -2.4087 52.803 3
40.181 30.171 -18.829 2
40.499 36.513 53.168 3
21.695 -24.024 56.837 3
21.773 -20.461 56.831 3
32.42 -13.495 57.077 3
11.592 -6.0546 56.553 1
-37.134 5.368 55.339 3
-30.14 5.2629 55.51 3
19.599 40.15 56.65 1
30.001 44.578 -19.108 3
19.677 43.712 56.645 2
-25.631 51.52 55.522 1
50.984 44.262 -18.595 1
11.597 -6.296 60.553 1
30.079 48.14 -19.114 3
33.576 48.088 -19.028 3
-36.429 37.187 59.289 2
-32.932 37.134 59.374 2
26.598 39.803 60.822 1
26.676 43.365 60.817 1
18.596 -6.6425 64.725 3
-19.795 -2.502 63.779 3
-9.2255 0.90255 64.03 1
18.907 7.6066 64.703 3
1.8887 29.243 64.241 2
-15.203 47.076 67.787 1
16.349 50.165 68.55 1
30.235 55.265 -19.125 3
33.732 55.212 -19.039 3
-11.653 59.458 -20.156 1
30.313 58.827 -19.13 3
33.81 58.774 -19.045 3
47.798 58.564 -18.703 1
33.888 62.337 -19.051 3
37.385 62.284 -18.965 2
40.96 65.794 -18.885 3
37.54 69.409 -18.976 2
37.696 76.533 -18.988 2
13.294 80.463 -19.592 2
13.372 84.026 -19.597 2
-7.1452 -54.881 -15.805 1
-41.338 -18.733 -16.716 1
-41.183 -11.608 -16.727 1
53.474 -2.3409 -14.436 2
-61.777 6.5182 -17.268 1
-54.782 6.4131 -17.097 1
