19.336 17.159 -30.128 1
-49.091 29.998 -7.7661 1
-49.311 37.255 -6.6966 3
-49.421 40.883 -6.1612 1
-30.771 45.046 -4.3398 2
29.262 46.753 -0.22244 2
-30.88 48.675 -3.8054 2
25.4 50.275 0.054724 2
29.152 50.382 0.31166 2
21.538 53.797 0.33189 2
25.29 53.904 0.58917 2
21.428 57.426 0.86634 2
40.189 57.959 2.1532 3
-46.218 59.134 -3.2305 3
-42.466 59.24 -2.9726 3
21.099 68.311 2.4712 1
32.355 68.631 3.2433 3
20.55 86.454 5.1446 3
-16.912 -42.722 -13.004 1
-28.278 -39.413 -13.241 1
38.82 -22.978 -6.4706 3
38.71 -19.35 -5.936 3
-25.239 -5.2697 -25.696 3
45.775 -4.622 -3.2823 1
49.417 -0.88662 -2.4901 1
45.445 6.2638 -1.678 1
41.474 13.414 -0.86577 1
-49.234 32.625 -3.8323 1
-53.096 36.147 -3.5552 1
-49.344 36.253 -3.2982 1
-49.454 39.882 -2.7638 1
-49.564 43.511 -2.2284 1
-49.783 50.768 -1.1589 1
36.184 64.108 6.3632 3
36.074 67.736 6.8986 3
28.35 74.78 7.4532 1
-44.219 1.4541 -25.913 3
-39.457 -44.364 -11.15 1
-28.311 -40.415 -9.8435 1
42.868 -34.759 -4.4196 1
34.595 -9.5723 -1.1909 1
41.88 -2.1018 0.39316 1
45.632 -1.995 0.65049 1
-56.112 9.6382 -4.1581 3
41.221 19.67 3.6019 3
41.111 23.298 4.1363 3
-0.6007 36.639 3.445 1
-53.239 38.774 0.37761 1
-57.101 42.295 0.65478 1
-53.349 42.402 0.91172 3
-49.597 42.509 1.1699 1
6.6837 44.11 5.0292 1
-49.707 46.137 1.704 1
-49.816 49.766 2.2385 1
-57.43 53.181 2.2587 3
2.6022 54.888 6.3758 1
-57.54 56.81 2.7941 3
-27.524 57.664 4.8522 1
-57.65 60.438 3.3282 3
-50.146 60.652 3.8434 1
-46.394 60.758 4.1003 1
-33.292 12.66 -23.537 3
36.041 66.735 10.296 1
13.419 69.723 9.2872 2
-13.065 76.233 8.5556 3
20.703 77.194 10.871 3
16.842 80.715 11.149 3
-33.402 16.289 -23.002 3
-25.898 16.502 -22.488 3
-40.478 -12.708 -2.9395 1
-33.512 19.917 -22.467 3
51.895 37.131 10.445 3
44.281 40.547 10.466 3
51.675 44.388 11.515 3
-49.85 48.765 5.6369 1
-12.439 53.46 8.7447 1
13.496 65.093 12.15 2
13.386 68.722 12.685 2
-32.078 81.955 11.736 3
-5.9234 86.331 14.072 1
-16.791 -52.984 -3.8801 1
-5.7546 -45.407 -2.0385 2
-40.072 -28.225 -1.6804 1
37.448 32.83 -15.974 1
-56.398 14.892 3.7073 3
-49.333 29.619 6.3609 1
47.89 43.28 14.656 3
51.642 43.387 14.913 3
47.78 46.908 15.19 3
-19.976 52.244 11.628 1
-16.224 52.352 11.886 1
-23.838 55.767 11.906 2
13.463 64.091 15.548 2
13.353 67.72 16.083 2
17.105 67.826 16.34 2
9.491 71.241 16.36 2
13.243 71.348 16.618 2
-37.923 41.582 -19.516 1
-35.694 -50.891 -1.2336 3
-5.6779 -50.037 0.82449 3
35.375 -41.607 4.7251 3
-40.105 -29.226 1.717 1
49.724 -19.408 8.9629 3
-44.406 -11.19 4.1338 2
-52.02 -7.7746 4.1541 1
59.662 24.455 16.152 1
-5.1109 55.298 16.59 1
-1.3589 55.405 16.847 1
-23.981 58.393 15.838 2
34.98 -11.821 -19.251 1
-50.355 61.275 14.572 1
-46.603 61.382 14.829 1
-27.843 61.916 16.116 2
-24.091 62.022 16.373 2
38.732 -11.714 -18.992 1
-16.587 62.236 16.888 2
9.6776 62.983 18.689 2
-27.953 65.544 16.65 2
5.8157 66.504 18.966 2
5.7059 70.133 19.501 2
9.4579 70.24 19.758 2
34.871 -8.1924 -18.715 1
31.75 78.137 22.372 3
-1.8491 -54.561 3.9453 1
-28.223 -51.679 2.6786 3
-24.471 -51.573 2.9356 3
1.7931 -50.826 4.7376 1
9.2972 -50.612 5.2519 1
35.561 -49.865 7.053 3
49.911 -27.666 11.291 3
49.801 -24.038 11.826 3
-51.724 -19.662 5.9472 1
-51.834 -16.033 6.4826 1
-25.382 -2.6424 -21.763 1
30.899 -1.0417 -17.904 1
-64.188 19.933 11.058 1
-64.298 23.561 11.593 1
-5.144 54.297 19.988 1
-46.526 56.752 17.692 1
-46.636 60.38 18.227 1
-27.986 64.542 20.048 2
-24.234 64.65 20.306 1
30.789 2.5866 -17.368 1
-46.966 71.266 19.831 1
-43.213 71.372 20.088 3
1.811 72.653 23.177 2
45.687 6.6423 -15.805 3
-39.732 -45.744 6.3744 1
-39.842 -42.115 6.9088 1
1.3208 -37.313 10.274 1
-47.895 -24.186 9.0684 3
-56.168 1.0009 12.297 3
48.12 29.389 23.245 1
44.149 36.539 24.057 1
-4.9574 46.038 22.317 1
-57.596 48.172 19.249 1
-5.177 53.295 23.386 1
-24.377 67.276 24.238 1
-24.486 70.905 24.773 1
-2.5233 89.688 28.991 3
45.358 17.528 -14.2 3
16.845 -56.03 12.028 2
-24.537 -53.576 9.7323 3
-2.5742 -34.793 13.95 1
1.1779 -34.686 14.207 1
0.95822 -27.428 15.277 1
-51.68 -25.294 12.209 1
-55.981 -7.2577 14.625 1
-60.063 3.5214 15.972 1
-60.173 7.1497 16.507 1
-64.803 36.072 20.528 1
-9.0719 55.815 27.061 1
-2.0072 70.543 29.715 1
-43.389 72.998 27.419 3
9.0293 78.12 31.556 1
9.4177 -60.874 14.376 2
13.17 -60.767 14.633 3
5.5558 -57.352 14.654 3
-20.818 -54.471 13.387 1
27.958 -53.084 16.733 2
27.848 -49.455 17.267 2
33.662 31.722 -12.833 3
42.307 -30.885 20.971 1
38.446 -27.364 21.248 3
-4.8038 36.777 28.043 1
-4.9137 40.406 28.578 1
-5.0235 44.034 29.113 1
32.497 45.101 31.686 3
-25.612 11.248 -30.353 3
-16.939 65.486 31.549 1
-1.9304 65.912 32.578 1
1.8216 66.02 32.836 1
39.342 67.087 35.409 1
-39.67 72.103 31.075 1
20.421 -54.299 19.616 3
24.173 -54.191 19.873 3
-21.071 -48.216 17.854 3
-21.181 -44.587 18.39 3
38.303 -24.736 25.181 3
42.055 -24.63 25.438 3
37.195 39.086 -11.506 3
48.131 22.755 32.904 1
51.553 33.748 34.765 3
-53.723 38.017 28.631 3
28.602 47.622 35.36 3
32.354 47.729 35.619 3
37.085 42.714 -10.972 3
-17.081 68.113 35.482 1
1.6787 68.646 36.768 1
16.687 69.073 37.797 3
1.5689 72.275 37.303 1
20.219 76.437 39.125 3
5.1013 79.638 38.63 2
-21.214 -45.588 21.787 3
45.334 -11.011 31.232 1
33.223 46.236 -10.694 1
44.236 25.275 36.58 1
-4.6503 27.516 33.769 1
47.878 29.011 37.371 1
-4.9798 38.402 35.373 1
28.569 46.62 38.759 3
-21.247 -46.59 25.186 3
20.025 -45.416 28.016 1
4.9075 -42.214 27.522 1
-2.9261 -31.542 28.611 1
33.003 53.493 -9.6242 1
-52.252 -14.787 27.94 1
-53.513 58.297 -14.474 1
48.175 17.123 39.166 1
-38.615 62.352 -12.909 3
-9.0944 48.18 40.118 2
-13.776 -47.379 29.098 1
4.8744 -43.217 30.919 1
-2.8493 -36.173 31.475 1
23.085 -24.54 34.88 2
3.6663 -3.3018 36.801 1
-17.581 -14.317 -19.454 1
-13.829 -14.21 -19.198 1
-4.0574 3.7415 37.357 3
42.451 -12.609 -15.338 1
23.162 -29.17 37.743 3
26.804 -25.435 38.535 2
37.841 -17.858 40.377 3
-26.163 -12.415 37.072 2
41.263 -6.865 42.238 3
33.65 -3.4499 42.258 3
37.402 -3.3434 42.516 3
37.292 0.2858 43.05 3
-31.673 45.536 45.371 1
4.6985 -41.591 38.25 3
4.5887 -37.963 38.784 3
0.52001 7.9884 -14.96 1
23.129 -30.172 41.141 3
26.881 -30.066 41.398 3
26.771 -26.437 41.933 3
26.662 -22.808 42.468 3
-7.4363 -12.883 41.757 3
22.58 -12.029 43.815 3
41.23 -7.8668 45.636 3
33.507 -0.82305 46.191 3
44.763 -0.50281 46.963 3
-4.1235 1.7384 44.153 1
-0.48133 5.4737 44.945 1
-44.834 17.594 -16.443 1
-42.193 18.814 44.253 1
-38.551 22.549 45.045 3
25.234 24.363 49.42 1
28.986 24.47 49.676 1
-8.864 34.289 48.709 1
43.664 35.782 52.31 1
-44.944 21.223 -15.909 1
39.803 39.305 52.588 1
-16.588 41.332 49.263 3
-45.054 24.85 -15.373 1
-3.0583 -35.55 42.203 3
-37.486 -14.738 43.096 1
-37.595 -11.109 43.63 1
33.693 -9.0819 48.519 1
33.629 30.721 -9.4356 3
-37.815 -3.8521 44.7 1
40.978 -1.6111 50.104 3
-52.777 31.894 -14.819 1
44.4 9.3814 51.965 1
-0.95371 18.986 50.481 1
-19.119 36.483 -11.968 2
-37.848 -4.8539 48.098 1
-34.237 39.686 -12.463 2
36.973 4.5369 54.314 3
-30.485 39.792 -12.205 2
-19.229 40.112 -11.433 2
13.802 25.669 55.979 1
32.562 26.202 57.265 1
-35.304 35.167 54.237 3
-24.048 35.487 55.009 3
20.976 36.768 58.097 1
24.728 36.874 58.354 1
-41.851 43.101 -12.443 1
-16.874 46.586 57.128 3
-26.843 43.527 -11.414 2
20.647 47.654 59.701 1
4.2698 -33.711 50.048 3
-7.2059 -26.773 50.346 1
-11.287 -15.994 51.693 1
-11.397 -12.366 52.228 1
-7.6453 -12.259 52.485 1
21.932 3.1088 56.682 3
-27.284 16.236 55.476 1
-16.028 16.556 56.248 3
25.135 21.359 59.614 1
-20.11 27.335 57.595 3
-16.577 34.699 58.922 1
7.4396 -16.462 56.377 2
14.614 -5.3635 58.496 2
29.403 2.3207 60.596 3
-30.814 50.678 -10.601 2
36.722 52.599 -5.9699 3
21.604 55.8 -6.4635 3
-38.538 57.722 -10.046 3
-38.648 61.35 -9.5114 3
21.385 63.057 -5.394 2
32.641 63.378 -4.6219 3
-38.758 64.979 -8.977 3
32.531 67.006 -4.0878 3
-38.977 72.236 -7.9075 3
-10.527 7.0447 -26.46 1
38.666 -13.718 -12.197 1
42.308 -9.9826 -11.405 1
-33.062 -1.2304 -14.947 1
-21.806 -0.91073 -14.175 3
34.475 0.68993 -10.315 1
4.3488 3.465 -11.839 1
15.605 3.785 -11.067 1
-30.737 46.047 -7.7382 2
29.295 47.755 -3.6208 2
-30.847 49.676 -7.2028 2
-27.095 49.782 -6.9459 2
29.185 51.383 -3.0857 2
25.323 54.905 -2.8082 2
36.58 55.226 -2.0361 3
28.966 58.641 -2.0168 2
21.352 62.056 -1.9966 2
25.104 62.162 -1.7387 2
21.242 65.684 -1.4616 2
24.994 65.791 -1.2043 2
-46.405 67.392 -5.5584 3
-13.126 -41.613 -16.145 1
-13.236 -37.985 -15.61 1
-32.655 -16.747 -13.688 1
42.275 -10.984 -8.0071 1
-26.084 24.761 -24.815 3
34.552 -3.9402 -7.4521 1
56.295 22.1 -2.165 1
