-60.339 46.764 -3.0201 3
2.7883 45.578 -0.51668 1
51.887 44.656 1.4315 1
6.0939 49.741 0.2269 1
47.147 6.837 -23.305 3
-4.8304 58.394 1.0182 2
54.79 57.275 3.383 3
-50.624 63.477 -0.1858 1
-1.5248 62.556 1.7614 1
8.9964 62.358 2.179 1
-54.332 67.771 0.27981 3
-50.825 67.705 0.41879 1
1.7807 66.718 2.505 1
50.88 65.797 4.4523 2
40.157 70.222 4.639 2
-47.721 76.096 1.7657 1
-44.214 76.03 1.9056 1
-44.416 80.257 2.5089 3
-33.894 80.06 2.9265 2
1.1762 79.402 4.3175 1
43.261 78.612 5.9868 3
-37.603 84.353 3.3921 1
-33.919 16.807 -25.296 1
25.524 83.169 5.8949 1
-27.283 88.384 4.4133 1
4.0787 92.02 6.2696 1
7.5858 91.954 6.4086 1
2.6553 -27.097 -7.2436 3
-29.11 -22.277 -7.8914 1
2.2523 -18.642 -6.0352 1
-34.322 25.263 -24.087 3
-49.869 45.7 1.0804 3
-7.7846 44.91 2.75 1
-0.77045 44.779 3.0276 1
51.836 43.791 5.1148 1
58.85 43.659 5.3924 3
-50.071 49.928 1.685 3
58.648 47.887 5.997 3
2.1321 57.397 4.9801 1
-47.168 62.546 3.6362 1
40.508 60.9 7.114 3
-39.574 -13.523 -26.121 1
-12.299 66.116 5.6314 2
40.307 65.128 7.7186 2
-47.571 71.002 4.8453 1
-44.064 70.936 4.984 1
5.0346 70.014 6.9312 1
36.598 69.422 8.1833 2
-25.546 -13.787 -25.564 1
-47.773 75.23 5.4496 1
-44.266 75.164 5.5886 1
-40.96 79.326 6.3318 1
-37.453 79.26 6.4708 1
-39.775 -9.2951 -25.516 1
-32.467 -27.305 -4.9513 1
-39.884 -18.717 -4.0211 1
40.778 -20.231 -0.82203 1
-29.766 -10.459 -2.3955 1
50.493 -3.5168 2.0122 3
-33.815 18.538 -32.662 1
-53.227 40.672 4.0211 1
-49.72 40.607 4.1601 1
-0.62064 39.685 6.1073 1
48.478 38.763 8.0545 1
-60.442 45.032 4.3468 1
-56.935 44.966 4.4858 1
48.277 42.991 8.6588 1
51.784 42.925 8.7978 3
-60.644 49.26 4.9514 1
55.089 47.087 9.541 3
47.874 51.447 9.867 1
51.381 51.381 10.006 3
47.672 55.675 10.471 1
-47.22 61.68 7.3201 1
40.457 60.034 10.797 1
-43.915 65.842 8.0636 1
-15.858 65.316 9.1758 2
36.748 64.328 11.263 2
-40.609 70.004 8.8069 3
-40.811 74.233 9.4105 1
-44.519 78.526 9.8761 1
-37.706 82.623 10.758 1
51.005 -2.5505 -20.691 1
-29.012 -28.236 -1.129 1
-1.5597 -16.079 1.7966 1
44.032 -16.935 3.6046 1
33.309 -12.509 3.7918 1
-55.778 18.732 4.5436 3
-48.764 18.601 4.8221 3
19.039 6.498 -20.735 1
58.948 37.7 12.155 1
47.822 50.581 13.55 3
51.329 50.515 13.689 3
54.836 50.449 13.828 3
58.343 50.384 13.968 3
16.057 55.402 12.902 1
47.621 54.809 14.154 1
-61.3 61.078 10.447 1
43.912 59.103 14.62 1
50.926 58.972 14.898 1
-47.473 65.042 11.608 1
-43.966 64.977 11.747 1
-40.459 64.911 11.886 1
-19.417 64.516 12.72 1
43.71 63.331 15.223 2
47.217 63.265 15.363 1
50.725 63.199 15.502 3
-23.125 68.81 13.185 3
-16.111 68.678 13.463 2
32.988 67.756 15.41 2
40.002 67.625 15.689 1
-40.862 73.367 13.094 1
-19.82 72.971 13.929 2
39.8 71.853 16.294 2
-41.064 77.595 13.698 1
11.542 76.607 15.784 1
25.571 76.344 16.34 2
-10.319 -54.799 -0.376 1
-3.7078 -46.474 1.1108 1
-43.495 -20.382 3.2064 1
-44.905 9.2132 7.4357 3
-55.628 13.639 7.6227 3
38.055 33.001 14.399 1
19.915 46.014 15.517 1
51.277 49.65 17.373 1
-47.122 55.721 14.082 3
44.062 54.009 17.699 1
-57.845 60.147 14.269 3
-40.309 59.817 14.964 1
50.874 58.106 18.581 1
-44.018 64.111 15.43 1
-40.511 64.045 15.569 1
50.673 62.334 19.185 1
-51.234 68.471 15.756 3
-44.219 68.339 16.034 1
-33.9 72.37 17.055 3
-12.857 71.975 17.89 2
-5.8433 71.843 18.168 3
-41.115 76.729 17.381 3
36.04 75.281 20.441 3
11.289 79.969 20.072 1
14.595 84.132 20.815 1
-21.093 -51.239 3.4949 1
17.484 -51.963 5.0246 3
-40.075 0.8925 -31.674 1
40.22 -14.373 11.436 1
50.137 -1.8858 13.666 3
-55.478 8.545 10.702 3
-48.666 12.641 11.584 3
-52.374 16.935 12.049 3
48.726 27.71 17.896 3
52.233 27.644 18.035 1
48.525 31.938 18.5 3
48.122 40.394 19.708 3
55.136 40.262 19.986 3
47.92 44.622 20.313 3
-61 50.89 16.605 3
-53.986 50.759 16.883 3
-4.8874 49.838 18.83 3
-57.695 55.052 17.348 3
-54.188 54.987 17.487 3
36.794 57.503 21.708 1
-29.554 0.6951 -31.257 1
-54.591 63.442 18.695 3
-47.577 63.311 18.974 3
33.086 61.797 22.173 1
50.621 61.468 22.869 3
-30.243 67.21 20.273 1
43.405 65.827 23.194 1
50.42 65.696 23.473 3
-44.473 71.701 20.322 1
-30.444 71.438 20.878 1
35.787 78.644 24.729 3
39.294 78.577 24.868 3
7.5287 83.398 24.22 1
-24.236 88.218 23.573 3
13.926 -52.763 8.5686 1
-31.868 -47.679 7.365 3
37.871 -40.54 11.355 1
23.836 52.873 -13.81 2
-46.904 -26.276 9.8298 3
-50.612 -21.982 10.294 3
47.586 -23.825 14.189 1
40.37 -19.466 14.515 1
43.877 -19.532 14.655 1
47.384 -19.597 14.793 1
-47.508 -13.592 11.642 1
-21.957 57.958 -15.014 2
49.682 5.7044 18.558 3
52.585 18.323 20.51 1
48.876 22.617 20.975 1
-63.552 28.95 17.128 3
-63.955 37.407 18.336 3
-60.649 41.569 19.08 3
58.591 39.33 23.809 3
54.681 47.852 24.878 3
-54.24 54.121 21.17 3
-50.732 54.055 21.309 3
-5.1406 53.199 23.118 3
54.48 52.081 25.483 3
-54.441 58.349 21.775 3
23.433 61.33 -12.602 2
50.771 56.375 25.948 3
54.278 56.308 26.087 3
-54.643 62.577 22.379 3
-51.136 62.511 22.518 3
-47.628 62.445 22.657 3
-2.0366 61.589 24.465 1
36.541 60.865 25.995 1
-47.83 66.674 23.261 3
36.34 65.094 26.6 1
43.354 64.962 26.878 1
-48.031 70.901 23.865 3
-44.524 70.835 24.005 3
-9.4538 70.177 25.395 1
15.096 69.716 26.369 1
-27.191 74.734 25.304 1
0.86593 74.208 26.417 3
11.387 74.01 26.834 1
14.894 73.945 26.973 1
-34.406 79.094 25.63 1
-13.364 78.699 26.465 1
0.66442 78.436 27.021 1
4.1715 78.369 27.16 1
35.735 77.778 28.412 3
-10.058 82.861 27.208 1
0.4629 82.663 27.625 1
28.519 82.137 28.738 3
32.027 82.071 28.877 3
7.2628 -61.953 10.765 3
10.568 -57.791 11.508 1
-0.15438 -53.365 11.695 1
6.8598 -53.497 11.974 1
16.217 65.69 -12.276 1
20.888 -53.76 12.53 1
-11.079 -44.712 12.487 3
-4.0645 -44.844 12.765 3
-28.815 -40.155 12.396 1
2.7481 -40.748 13.648 3
-26.069 70.708 -13.341 1
37.819 -41.406 15.038 1
-43.247 -31.436 13.047 3
37.416 -32.95 16.247 3
-50.462 -27.076 13.374 3
47.735 -28.92 17.268 3
50.839 -20.53 18.616 1
-15.548 70.51 -12.924 1
-58.283 -10.032 15.512 3
-12.041 70.445 -12.785 1
-8.5336 70.378 -12.645 1
-5.0266 70.312 -12.506 1
52.13 25.913 25.401 3
-63.805 32.313 21.415 3
44.914 30.273 25.727 3
-46.471 36.212 22.715 3
51.727 34.369 26.61 3
-64.208 40.769 22.624 3
-50.18 40.505 23.18 3
-46.673 40.44 23.319 3
51.525 38.596 27.214 3
-53.888 44.799 23.645 3
47.414 51.346 28.887 3
54.428 51.215 29.166 3
12.509 69.984 -11.811 1
-50.986 57.417 25.597 3
-51.187 61.646 26.201 3
-47.68 61.579 26.34 3
1.2173 64.886 28.892 1
29.274 64.36 30.005 3
-44.576 69.969 27.688 3
29.072 68.587 30.609 1
7.8284 73.211 30.379 1
-2.8944 77.636 30.565 1
-5.2281 74.54 -11.902 1
1.786 74.409 -11.624 1
14.024 -58.722 15.331 1
-17.741 -53.902 14.684 1
17.329 -54.561 16.075 2
-32.173 -45.182 15.335 1
-42.895 -40.757 15.522 1
-39.388 -40.823 15.661 3
-25.36 -41.086 16.218 1
-7.8248 -41.416 16.913 3
6.2035 -41.679 17.469 1
15.814 74.145 -11.067 1
34.059 -37.977 19.187 1
37.566 -38.044 19.326 1
-1.2137 -33.091 18.4 3
26.843 -33.618 19.513 1
-5.4296 78.768 -11.298 1
47.482 -25.557 21.556 1
-54.626 -15.192 18.731 3
1.5845 78.637 -11.019 1
-55.432 1.7199 21.148 1
49.78 -0.25474 25.32 3
-62.849 10.307 22.078 3
55.585 24.981 29.223 3
-56.842 31.316 25.377 3
-50.231 39.64 26.863 3
-4.6395 38.784 28.672 3
-60.954 44.065 27.05 3
-4.841 43.013 29.276 3
30.717 -19.933 -20.259 1
-40.315 52.127 29.093 3
-43.133 -14.323 -22.576 1
54.376 50.349 32.849 3
-39.626 -14.388 -22.437 1
22.006 67.853 34.014 1
-44.829 73.332 31.975 1
0.76252 72.477 33.784 3
25.312 72.016 34.757 1
4.0681 76.638 34.527 3
18.096 76.375 35.083 1
25.11 76.243 35.361 1
-3.7649 -55.031 18.923 1
13.77 -55.36 19.619 2
-36.32 -10.226 -21.694 1
23.889 -47.102 21.244 1
27.396 -47.167 21.383 1
-39.44 -41.689 19.345 1
-4.3694 -42.347 20.736 1
-43.552 -28.939 21.019 1
33.402 -26.159 24.683 1
-54.879 -11.829 23.018 1
52.833 7.2696 30.351 3
-50.55 -5.735 -21.646 1
-59.797 17.832 27.109 3
-36.522 -5.9982 -21.089 1
-43.47 42.871 31.429 3
36.991 45.584 35.233 1
-54.395 51.524 32.22 3
-12.914 63.418 35.702 1
4.4194 67.317 37.002 3
-21.553 -51.339 22.515 1
-11.032 -51.537 22.932 1
-32.276 -46.914 22.702 1
-25.262 -47.045 22.98 3
-18.248 -47.177 23.258 3
-11.234 -47.31 23.537 1
-21.956 -42.884 23.724 3
-7.9282 -43.147 24.28 1
20.128 -43.673 25.393 1
30.65 -43.871 25.81 1
-11.838 -34.626 25.349 3
-47.446 2.655 -20.298 1
30.045 -31.187 27.622 1
-43.805 -25.577 25.305 3
43.67 -22.994 29.388 1
-36.718 5.9205 -34.615 1
39.559 -10.245 31.061 1
43.066 -10.311 31.2 1
-44.813 -4.4369 28.327 3
32.343 -5.8852 31.387 1
42.864 -6.0827 31.805 1
42.461 2.3734 33.013 3
52.781 6.4036 34.033 3
-60.453 29.65 32.604 1
44.759 27.675 36.777 1
-43.119 33.549 33.904 1
41.05 31.969 37.242 1
-47.634 54.755 36.786 1
47.057 52.977 40.541 3
-47.835 58.983 37.39 3
-26.994 62.816 38.829 3
4.1662 70.679 41.289 3
7.6732 70.614 41.428 3
-14.793 -48.109 27.081 1
16.771 -48.702 28.333 1
-14.994 -43.881 27.685 3
9.5554 -44.341 28.659 1
23.584 -44.605 29.215 1
27.091 -44.671 29.354 1
-22.21 -39.521 28.011 1
5.8468 -40.048 29.124 1
9.3539 -40.114 29.263 1
16.368 -40.245 29.541 1
23.382 -40.377 29.819 1
-36.439 -35.03 28.059 1
5.6453 -35.82 29.727 1
-40.551 -22.28 29.733 3
39.91 -19.566 33.535 3
-2.3764 -14.549 32.471 1
42.208 5.736 37.3 3
45.11 18.354 39.251 1
1.8165 44.512 41.208 3
-50.991 49.727 39.725 3
29.672 48.213 42.925 1
-33.859 57.853 41.63 3
35.716 22.215 -13.94 3
-22.261 -40.387 31.694 1
-8.2331 -40.65 32.251 1
2.2881 -40.848 32.668 1
12.809 -41.045 33.085 1
-36.491 -35.896 31.742 1
-8.4346 -36.422 32.855 1
-4.9276 -36.489 32.994 1
16.115 -36.883 33.828 1
-8.6362 -32.194 33.459 3
29.942 -32.919 34.989 1
1.6835 -28.164 34.481 1
-44.311 -18.852 33.88 3
22.323 -20.103 36.524 3
29.337 -20.235 36.802 3
-44.513 -14.624 34.485 1
-26.978 -14.953 35.18 3
18.614 -15.809 36.989 3
39.022 26.378 -13.196 1
32.643 -16.072 37.545 3
-48.221 -10.331 34.95 3
-6.1367 -11.12 36.619 1
0.87745 -11.252 36.898 1
-37.902 -6.3 35.971 3
28.732 -7.5507 38.614 3
28.531 -3.3227 39.219 3
-7.1443 10.019 39.64 3
38.246 13.392 42.052 3
44.656 25.944 44.144 3
-57.654 40.537 41.923 1
14.271 31.066 -13.565 2
8.3759 51.97 46.377 3
-9.5625 60.755 46.891 3
5.945 -46.008 35.886 3
-22.313 -41.253 35.377 1
-8.2848 -41.516 35.934 1
26.383 -33.718 38.533 3
1.6318 -29.03 38.164 1
15.66 -29.293 38.72 3
32.994 -25.395 40.02 3
1.2288 -20.573 39.372 1
25.778 -21.034 40.346 3
-44.565 -15.49 38.168 1
18.563 -16.675 40.672 2
25.577 -16.807 40.95 3
-48.475 -6.968 39.237 2
-34.446 -7.2313 39.794 3
-38.155 -2.9377 40.259 3
-53.392 22.693 43.327 3
23.763 21.245 46.388 1
-50.087 26.856 44.071 1
23.562 25.473 46.992 1
-50.288 31.083 44.675 1
-40.17 39.342 46.301 3
-26.142 39.079 46.858 3
12.033 46.811 49.596 3
-15.552 -38.022 39.944 1
-8.7396 -33.926 40.826 1
-15.955 -29.566 41.151 1
-8.9411 -29.698 41.429 1
12.101 -30.093 42.264 3
-5.8371 -21.308 42.777 1
-37.602 -16.487 42.13 3
-21.405 44.408 -13.143 1
-27.283 -12.457 43.151 3
0.77403 -12.983 44.264 2
-13.456 -8.4922 44.312 2
18.108 -9.0846 45.564 1
31.532 3.3358 47.932 2
27.823 7.6299 48.397 3
-35.707 17.271 47.103 3
-42.923 21.631 47.428 3
-19.436 8.9536 -29.632 3
23.711 20.379 50.071 1
27.218 20.314 50.211 1
-43.124 25.858 48.032 3
27.017 24.542 50.814 1
-50.34 30.218 48.359 1
-28.62 48.767 -12.818 1
40.642 32.734 52.58 1
-25.113 48.702 -12.679 2
20.479 47.846 -10.87 2
18.995 45.813 53.558 3
4.7654 50.304 53.605 3
4.5639 54.532 54.209 3
14.884 58.563 55.231 3
-20.32 -13.454 47.112 2
11.244 -14.047 48.364 3
28.577 -10.148 49.664 1
-13.91 -0.90205 49.204 1
24.667 -1.626 50.733 3
-28.822 52.996 -12.213 1
-25.315 52.93 -12.074 2
20.277 52.074 -10.266 2
-36.565 33.316 53.202 1
30.798 51.877 -9.8492 2
37.083 31.934 56.124 1
-19.231 37.216 54.502 1
41.32 51.679 -9.4316 1
1.2066 49.505 57.149 3
44.827 51.614 -9.2927 1
-12.955 -22.907 49.865 1
-27.184 -18.416 49.913 3
-13.156 -18.68 50.47 1
-27.386 -14.188 50.518 1
4.1777 -14.781 51.77 3
-38.109 -9.7628 50.705 1
-46.559 57.553 -12.305 3
-10.657 2.3943 53.63 3
-35.811 15.539 54.468 3
-25.516 57.157 -11.47 2
20.076 56.303 -9.6622 2
5.4681 31.661 58.555 3
-1.7476 36.02 58.881 3
23.583 56.236 -9.5226 2
27.09 56.17 -9.3836 2
30.597 56.105 -9.2446 2
-12.321 35.353 62.147 1
16.367 60.595 -9.1969 2
26.888 60.399 -8.779 2
-39.947 65.877 -10.818 1
-22.412 65.548 -10.123 2
-40.149 70.105 -10.214 1
-26.121 69.841 -9.6573 3
-22.614 69.776 -9.5183 2
-8.5853 69.513 -8.9618 1
5.4429 69.249 -8.4052 1
-26.322 74.07 -9.0536 3
-22.815 74.003 -8.9141 2
5.2414 73.477 -7.8019 1
-26.524 78.297 -8.4494 2
-19.51 78.166 -8.1705 2
-30.232 82.591 -7.9838 1
30.665 -20.798 -16.576 1
43.49 11.996 -26.524 2
-25.649 -15.517 -18.198 1
49.894 16.858 -10.304 1
49.693 21.086 -9.6992 1
-14.241 39.183 -9.787 1
31.15 42.555 -7.3741 1
-7.6295 47.507 -8.3002 1
-36.919 10.148 -34.01 1
-53.826 61.046 -8.2953 3
-25.769 60.52 -7.1832 2
12.808 59.796 -5.6526 2
47.879 59.138 -4.2619 2
-25.971 64.748 -6.5786 2
-8.4355 64.419 -5.8834 2
-29.679 69.042 -6.113 2
-26.172 68.976 -5.9743 3
-22.665 68.91 -5.8354 2
-12.144 68.712 -5.4178 1
-8.6371 68.647 -5.2788 1
-5.13 68.581 -5.1398 1
1.8842 68.449 -4.8613 1
40.462 67.725 -3.3316 3
-29.881 73.27 -5.5097 2
-19.36 73.072 -5.0921 2
-8.8386 72.875 -4.6742 3
-5.3315 72.809 -4.5356 1
-1.8244 72.743 -4.3966 1
8.6968 72.546 -3.979 1
29.739 72.15 -3.1449 2
8.4953 76.774 -3.3744 1
33.045 76.313 -2.4013 2
-47.819 82.055 -4.996 1
-26.777 81.66 -4.1618 1
33.723 -5.5841 -25.674 1
37.508 54.242 -1.5998 2
44.522 54.11 -1.3221 2
-11.793 59.391 -2.9427 2
37.306 58.469 -0.9955 2
-43.558 64.211 -3.5911 2
-8.4872 63.554 -2.2001 2
37.105 62.698 -0.39185 2
-26.224 68.111 -2.291 2
29.889 67.057 -0.065223 2
33.396 66.991 0.073761 2
15.659 71.549 -0.018105 1
43.716 71.022 1.095 2
-40.655 76.829 -1.6387 1
-12.8 80.531 0.077668 1
46.82 79.412 2.4428 1
-13.002 84.759 0.68226 1
22.069 84.1 2.073 1
25.576 84.035 2.2119 1
-23.725 89.185 0.8693 1
18.36 88.394 2.5386 1
-16.912 93.281 1.7515 1
14.652 92.688 3.0032 1
-39.781 -16.986 -11.387 3
-40.53 8.4828 -26.783 1
-50.907 -4.1044 -9.9925 3
53.902 2.377 -4.6112 1
57.006 10.767 -3.2634 3
-62.637 21.461 -6.7841 1
55.999 31.907 -0.24202 1
59.506 31.841 -0.10303 3
-63.443 38.373 -4.367 3
