-26.084 24.761 -24.815 1
37.448 32.83 -15.974 1
-37.923 41.582 -19.516 1
34.98 -11.821 -19.251 1
38.732 -11.714 -18.992 1
30.899 -1.0417 -17.904 2
30.789 2.5866 -17.368 1
37.085 42.714 -10.972 3
33.223 46.236 -10.694 3
33.003 53.493 -9.6242 3
-44.834 17.594 -16.443 3
-44.944 21.223 -15.909 1
33.629 30.721 -9.4356 1
-30.485 39.792 -12.205 2
-19.229 40.112 -11.433 3
40.804 41.819 -7.3169 2
-26.843 43.527 -11.414 2
36.722 52.599 -5.9699 3
-38.648 61.35 -9.5114 2
32.641 63.378 -4.6219 2
-38.758 64.979 -8.977 2
32.531 67.006 -4.0878 1
-38.977 72.236 -7.9075 3
38.666 -13.718 -12.197 1
42.308 -9.9826 -11.405 1
-33.062 -1.2304 -14.947 1
15.715 0.15642 -11.602 3
15.605 3.785 -11.067 2
-30.737 46.047 -7.7382 1
-30.847 49.676 -7.2028 1
-27.095 49.782 -6.9459 1
29.185 51.383 -3.0857 3
25.323 54.905 -2.8082 3
36.58 55.226 -2.0361 1
25.104 62.162 -1.7387 1
-42.543 63.87 -5.8356 3
21.242 65.684 -1.4616 3
24.994 65.791 -1.2043 2
-46.405 67.392 -5.5584 2
42.275 -10.984 -8.0071 3
56.295 22.1 -2.165 3
44.6 36.294 -0.79735 3
-49.421 40.883 -6.1612 2
29.262 46.753 -0.22244 2
-30.88 48.675 -3.8054 2
25.4 50.275 0.054724 3
29.152 50.382 0.31166 1
21.538 53.797 0.33189 1
25.29 53.904 0.58917 2
21.428 57.426 0.86634 1
21.099 68.311 2.4712 1
32.355 68.631 3.2433 2
-28.278 -39.413 -13.241 3
38.71 -19.35 -5.936 2
45.775 -4.622 -3.2823 2
49.417 -0.88662 -2.4901 1
-49.344 36.253 -3.2982 3
-49.454 39.882 -2.7638 3
-49.564 43.511 -2.2284 3
36.184 64.108 6.3632 2
-28.311 -40.415 -9.8435 3
34.595 -9.5723 -1.1909 1
41.88 -2.1018 0.39316 3
45.632 -1.995 0.65049 3
41.111 23.298 4.1363 3
-0.6007 36.639 3.445 1
-53.239 38.774 0.37761 3
-57.101 42.295 0.65478 1
-49.597 42.509 1.1699 3
-49.707 46.137 1.704 1
-49.816 49.766 2.2385 1
2.6022 54.888 6.3758 1
-57.54 56.81 2.7941 1
-27.524 57.664 4.8522 2
-57.65 60.438 3.3282 2
-50.146 60.652 3.8434 3
-46.394 60.758 4.1003 3
36.041 66.735 10.296 2
-5.8904 87.332 10.675 2
44.281 40.547 10.466 2
-49.85 48.765 5.6369 2
13.496 65.093 12.15 1
13.386 68.722 12.685 3
-32.078 81.955 11.736 1
47.78 46.908 15.19 1
-16.224 52.352 11.886 1
-23.838 55.767 11.906 1
13.463 64.091 15.548 1
13.353 67.72 16.083 1
9.491 71.241 16.36 2
-5.6779 -50.037 0.82449 2
35.375 -41.607 4.7251 3
49.724 -19.408 8.9629 1
-5.1109 55.298 16.59 1
-27.843 61.916 16.116 1
9.6776 62.983 18.689 1
-27.953 65.544 16.65 1
5.8157 66.504 18.966 1
5.7059 70.133 19.501 1
9.4579 70.24 19.758 3
-24.471 -51.573 2.9356 1
35.561 -49.865 7.053 1
49.801 -24.038 11.826 3
-51.724 -19.662 5.9472 3
-51.834 -16.033 6.4826 3
-64.188 19.933 11.058 1
-64.298 23.561 11.593 3
-5.144 54.297 19.988 3
-46.526 56.752 17.692 3
-27.986 64.542 20.048 3
-1.7723 -59.191 6.8086 1
-39.842 -42.115 6.9088 1
48.12 29.389 23.245 1
44.149 36.539 24.057 1
-57.596 48.172 19.249 3
-5.177 53.295 23.386 1
-24.377 67.276 24.238 3
16.845 -56.03 12.028 2
-2.5742 -34.793 13.95 3
1.1779 -34.686 14.207 1
-55.981 -7.2577 14.625 1
-9.0719 55.815 27.061 1
5.5558 -57.352 14.654 2
-20.818 -54.471 13.387 2
27.958 -53.084 16.733 3
27.848 -49.455 17.267 1
-4.8038 36.777 28.043 1
-4.9137 40.406 28.578 2
32.497 45.101 31.686 2
-16.939 65.486 31.549 2
39.342 67.087 35.409 1
20.421 -54.299 19.616 1
24.173 -54.191 19.873 1
-21.181 -44.587 18.39 1
38.303 -24.736 25.181 1
42.055 -24.63 25.438 2
-53.723 38.017 28.631 3
32.354 47.729 35.619 2
-17.081 68.113 35.482 3
1.6787 68.646 36.768 1
16.687 69.073 37.797 1
20.219 76.437 39.125 1
-21.214 -45.588 21.787 1
-4.6503 27.516 33.769 1
28.569 46.62 38.759 1
-52.252 -14.787 27.94 1
-9.0944 48.18 40.118 3
23.162 -29.17 37.743 3
-26.163 -12.415 37.072 3
37.292 0.2858 43.05 1
4.6985 -41.591 38.25 3
23.129 -30.172 41.141 2
26.881 -30.066 41.398 3
41.23 -7.8668 45.636 1
33.507 -0.82305 46.191 1
-4.1235 1.7384 44.153 1
-0.48133 5.4737 44.945 3
-38.551 22.549 45.045 3
28.986 24.47 49.676 1
-37.595 -11.109 43.63 2
33.693 -9.0819 48.519 1
40.978 -1.6111 50.104 2
-37.848 -4.8539 48.098 1
13.802 25.669 55.979 2
-24.048 35.487 55.009 1
20.647 47.654 59.701 2
-7.2059 -26.773 50.346 2
-11.287 -15.994 51.693 2
-7.6453 -12.259 52.485 2
-16.028 16.556 56.248 1
25.135 21.359 59.614 2
17.301 32.031 60.703 1
7.4396 -16.462 56.377 1
