-22.943 9.0193 -29.771 1
23.202 -5.3864 -26.092 2
36.626 7.0345 -23.723 3
-51.454 17.136 -25.992 2
-43.283 -9.2292 -25.656 2
43.991 -2.4182 -20.97 2
-25.666 62.252 -14.549 2
-19.055 70.575 -13.063 1
-15.548 70.51 -12.924 1
19.321 74.08 -10.928 1
-5.4296 78.768 -11.298 3
-25.396 -18.88 -22.485 2
-43.133 -14.323 -22.576 1
-43.334 -10.095 -21.972 3
-43.536 -5.8669 -21.368 1
-50.953 2.7208 -20.438 3
-28.62 48.767 -12.818 2
-28.822 52.996 -12.213 1
-25.315 52.93 -12.074 1
27.291 51.942 -9.9882 1
37.813 51.744 -9.5706 1
41.32 51.679 -9.4316 1
-29.023 57.223 -11.61 3
-25.516 57.157 -11.47 3
20.076 56.303 -9.6622 3
23.583 56.236 -9.5226 3
-25.718 61.386 -10.866 1
23.381 60.464 -8.9189 3
-25.919 65.613 -10.262 1
-26.121 69.841 -9.6573 3
-26.322 74.07 -9.0536 3
-8.7869 73.74 -8.3575 3
35.866 17.121 -10.86 1
-38.79 39.644 -10.76 2
-24.963 43.608 -9.599 3
-57.333 61.113 -8.4349 1
-32.783 60.652 -7.4608 3
-25.769 60.52 -7.1832 3
-25.971 64.748 -6.5786 1
-29.679 69.042 -6.113 1
-26.172 68.976 -5.9743 3
-8.6371 68.647 -5.2788 1
-5.13 68.581 -5.1398 1
-29.881 73.27 -5.5097 3
-5.3315 72.809 -4.5356 3
-1.8244 72.743 -4.3966 1
22.725 72.282 -3.4225 3
22.524 76.511 -2.8188 3
26.986 54.439 -2.0177 3
41.015 54.175 -1.4611 3
-43.356 59.984 -4.1944 1
26.785 58.667 -1.413 1
-47.065 64.278 -3.7298 1
-43.558 64.211 -3.5911 3
26.583 62.895 -0.80846 1
26.382 67.123 -0.20515 1
29.889 67.057 -0.065223 3
-1.8761 71.877 -0.71363 2
26.18 71.351 0.39945 3
-51.177 77.027 -2.0563 2
22.069 84.1 2.073 1
59.506 31.841 -0.10303 1
2.5868 49.806 0.087918 1
-22.366 58.723 0.32268 2
-5.2334 66.849 2.227 2
-51.228 76.161 1.6267 1
-47.721 76.096 1.7657 1
46.768 78.546 6.1258 2
-11.373 -26.834 -7.8 1
-11.292 44.976 2.611 2
-7.7846 44.91 2.75 2
-0.77045 44.779 3.0276 2
55.343 43.725 5.2534 1
-22.82 66.313 5.2148 1
-51.28 75.295 5.3097 2
-47.773 75.23 5.4496 1
46.986 -3.4512 1.873 1
-56.734 40.738 3.8812 3
-53.227 40.672 4.0211 1
-7.6348 39.816 5.8284 1
-0.62064 39.685 6.1073 2
-63.949 45.097 4.2078 1
-60.442 45.032 4.3468 1
-56.935 44.966 4.4858 2
48.277 42.991 8.6588 3
-64.151 49.326 4.8114 3
48.075 47.219 9.2624 3
47.874 51.447 9.867 3
-50.727 61.746 7.1805 3
-50.929 65.974 7.7847 2
-22.872 65.447 8.8978 3
-51.332 74.43 8.9939 1
-48.026 78.592 9.7371 3
46.665 76.814 13.493 3
-36.63 -15.42 0.40562 2
37.018 -16.803 3.3266 3
-56.785 39.872 7.5651 3
47.822 50.581 13.55 3
51.329 50.515 13.689 3
54.836 50.449 13.828 1
47.621 54.809 14.154 1
-43.765 60.748 11.142 3
43.912 59.103 14.62 1
-47.473 65.042 11.608 3
-43.966 64.977 11.747 3
-19.417 64.516 12.72 2
43.71 63.331 15.223 3
47.217 63.265 15.363 2
54.232 63.133 15.641 3
-23.125 68.81 13.185 3
8.4382 68.217 14.437 1
15.251 72.314 15.32 2
39.8 71.853 16.294 1
15.049 76.541 15.924 2
-22.17 46.804 13.847 2
12.7 50.374 15.843 2
-43.816 59.883 14.825 2
-47.525 64.177 15.291 1
-44.018 64.111 15.43 2
40.152 62.532 18.768 2
36.443 66.825 19.233 2
-19.872 72.106 17.612 2
32.734 71.118 19.698 2
32.533 75.347 20.302 3
-24.6 -51.173 3.356 1
-59.187 12.839 11.167 1
-59.388 17.067 11.771 1
45.219 27.776 17.756 1
48.726 27.71 17.896 1
48.122 40.394 19.708 1
44.413 44.688 20.174 1
47.92 44.622 20.313 3
-57.695 55.052 17.348 3
-58.098 63.509 18.557 3
-5.4919 62.521 20.643 3
-40.764 67.407 19.856 1
-47.98 71.767 20.182 3
-44.473 71.701 20.322 2
35.787 78.644 24.729 1
0.51461 83.529 23.942 1
25.064 83.069 24.916 1
-7.1168 -52.368 7.7344 3
40.572 -23.694 13.911 3
36.863 -19.4 14.376 1
40.37 -19.466 14.515 3
48.473 31.072 22.183 3
51.577 39.462 23.531 1
-57.747 54.187 21.031 1
-54.24 54.121 21.17 1
-57.948 58.415 21.636 3
-54.441 58.349 21.775 3
50.771 56.375 25.948 3
54.278 56.308 26.087 3
-54.643 62.577 22.379 3
-51.136 62.511 22.518 3
50.569 60.602 26.552 1
50.368 64.83 27.156 3
-48.031 70.901 23.865 1
-16.468 70.309 25.117 1
-2.4396 70.046 25.674 3
-37.712 74.932 24.887 1
-9.6553 74.405 26 3
0.86593 74.208 26.417 3
0.66442 78.436 27.021 1
32.228 77.843 28.273 3
25.012 82.203 28.599 3
-3.6615 -53.299 11.556 1
17.381 -53.695 12.392 1
-7.7731 -40.55 13.23 1
44.631 -37.31 15.92 1
-43.247 -31.436 13.047 2
29.797 -20.134 17.781 3
47.131 -16.236 19.081 1
44.713 34.5 26.331 1
55.234 34.303 26.749 1
-50.18 40.505 23.18 1
-46.673 40.44 23.319 1
50.921 51.281 29.026 2
-54.493 57.483 25.458 2
-51.187 61.646 26.201 2
4.7243 64.82 29.031 1
-2.4913 69.18 29.357 1
37.969 -46.499 18.118 2
-42.895 -40.757 15.522 2
-43.702 -23.845 17.939 1
49.78 -0.25474 25.32 1
52.078 25.047 29.085 1
-50.231 39.64 26.863 1
-53.94 43.934 27.329 1
39.542 67.524 34.709 1
18.298 72.147 34.479 1
18.096 76.375 35.083 1
23.889 -47.102 21.244 2
-32.426 -41.82 19.623 3
-43.753 -24.711 21.622 2
35.297 7.5987 29.655 2
20.733 -56.357 23.58 3
-18.046 -51.406 22.654 1
-28.769 -46.98 22.841 1
-18.248 -47.177 23.258 1
-25.464 -42.818 23.585 3
35.85 -5.9508 31.526 3
38.954 2.4392 32.874 1
44.961 23.448 36.173 3
-53.439 29.518 32.882 1
-46.626 33.614 33.765 1
-4.5414 32.825 35.434 1
46.856 57.206 41.146 1
-32.529 -43.552 26.989 3
23.584 -44.605 29.215 3
5.8468 -40.048 29.124 3
-1.6906 44.577 41.069 1
47.005 52.112 44.224 1
-8.2331 -40.65 32.251 2
5.7951 -40.914 32.807 3
12.809 -41.045 33.085 1
-4.9276 -36.489 32.994 1
-22.664 -31.931 32.902 2
-5.3306 -28.032 34.202 2
40.06 -24.66 36.615 3
18.816 -20.037 36.384 1
22.323 -20.103 36.524 1
29.337 -20.235 36.802 1
-26.978 -14.953 35.18 1
18.614 -15.809 36.989 2
-6.1367 -11.12 36.619 1
25.225 -7.4849 38.475 2
25.024 -3.257 39.08 2
-10.651 10.085 39.502 2
27.12 26.273 43.448 1
-2.1453 52.167 45.961 2
-13.07 60.821 46.751 1
5.945 -46.008 35.886 2
-22.313 -41.253 35.377 2
1.6318 -29.03 38.164 1
18.764 -20.903 40.068 1
18.563 -16.675 40.672 1
-27.231 -11.591 39.468 1
28.681 -8.4162 42.297 1
48.313 20.784 47.362 1
48.111 25.013 47.965 1
-43.677 39.408 46.162 1
-19.261 -33.728 40.408 1
-22.969 -29.434 40.874 2
1.5801 -29.895 41.847 2
-19.865 -21.044 42.221 1
18.712 -21.769 43.751 1
-30.79 -12.391 43.012 1
-27.283 -12.457 43.151 1
-27.484 -8.2288 43.755 2
14.601 -9.0189 45.425 2
17.503 3.599 47.376 1
13.795 7.8927 47.842 1
20.204 20.446 49.932 1
-50.139 25.99 47.754 1
37.135 32.8 52.44 1
1.2583 50.371 53.466 1
1.0568 54.598 54.07 1
11.042 -9.8187 48.969 3
-20.925 -0.77017 48.925 1
37.285 27.707 55.519 3
37.083 31.934 56.124 1
-12.955 -22.907 49.865 2
7.8863 -19.074 51.304 3
-12.269 36.218 58.463 2
-15.828 35.419 62.007 2
