19.974 0.49402 -37.751 1
34.361 11.988 -37.528 2
-23.872 -24.561 -30.583 3
50.471 -6.0748 -26.489 1
39.65 45.861 -25.361 3
-47.088 43.57 -25.271 3
-10.57 63.566 -24.902 2
50.239 -3.1088 -22.609 3
-23.651 30.566 -21.77 3
-50.862 42.788 -21.465 3
-47.101 43.04 -21.466 2
35.657 48.576 -21.48 2
-47.32 46.536 -21.391 3
-39.797 47.04 -21.391 2
-28.512 47.794 -21.393 1
35.437 52.071 -21.404 1
-40.017 50.535 -21.316 3
23.932 54.812 -21.327 1
35.217 55.567 -21.329 1
23.712 58.308 -21.252 3
50.227 -3.6388 -18.802 1
35.645 48.045 -17.673 1
-51.094 45.754 -17.584 2
-39.809 46.509 -17.586 2
-24.762 47.516 -17.588 3
31.663 51.29 -17.598 2
35.425 51.541 -17.598 1
-40.029 50.005 -17.511 2
31.444 54.786 -17.523 3
23.7 57.778 -17.447 1
27.462 58.03 -17.447 3
-17.898 58.507 -17.364 3
-37.146 64.24 -17.211 1
15.518 67.763 -17.22 1
19.279 68.014 -17.22 1
15.298 71.259 -17.144 1
22.601 75.258 -17.07 2
-26.521 75.484 -16.987 2
-22.759 75.735 -16.988 1
18.18 85.494 -16.844 1
-48.908 10.265 -14.53 1
-45.366 14.013 -14.455 3
-51.106 45.224 -13.778 1
-32.298 46.482 -13.781 1
-43.803 49.224 -13.705 3
-24.994 50.482 -13.708 2
16.385 53.25 -13.714 2
-44.022 52.72 -13.629 3
-32.737 53.474 -13.631 2
23.688 57.248 -13.64 1
15.725 63.737 -13.489 1
34.534 64.995 -13.492 3
-37.158 63.71 -13.405 1
-33.616 67.459 -13.33 1
15.286 70.729 -13.338 2
19.047 70.981 -13.339 2
22.809 71.233 -13.34 2
-49.103 73.444 -13.178 1
-22.771 75.205 -13.182 1
25.911 81.972 -13.115 1
-26.972 81.945 -13.031 1
-23.211 82.196 -13.031 2
18.168 84.964 -13.038 2
-27.474 -30.958 -11.629 2
-48.481 2.7435 -10.874 2
-52.682 9.4838 -10.723 2
-60.645 15.973 -10.572 2
-51.558 51.687 -9.8221 2
23.456 60.214 -9.7597 1
46.027 61.724 -9.7636 1
38.283 64.717 -9.6874 1
-33.409 63.432 -9.6003 1
-29.647 63.684 -9.6003 2
26.559 70.954 -9.5348 1
-52.657 69.167 -9.4467 3
-45.573 76.661 -9.2973 3
-26.827 -41.976 -8.0488 2
-52.694 8.9538 -6.9177 2
-60.437 11.947 -6.8412 2
-54.233 33.426 -6.3916 3
-51.57 51.157 -6.0168 1
46.014 61.194 -5.9573 2
-55.991 61.393 -5.79 3
-52.229 61.645 -5.791 1
26.547 70.423 -5.7286 1
-56.431 68.384 -5.6396 1
-52.669 68.636 -5.6406 3
-52.889 72.132 -5.5652 1
-30.319 73.641 -5.5692 1
-0.66455 82.646 -5.4236 1
56.603 12.225 -3.2053 1
20.33 48.415 -2.373 1
-55.783 57.367 -2.0598 3
-56.003 60.863 -1.9846 2
-56.223 64.359 -1.9095 2
-49.139 71.854 -1.7604 1
-51.594 50.096 1.595 2
-48.492 60.837 1.8199 2
14.798 75.601 2.0347 2
-38.086 75.574 2.1185 2
-51.386 46.071 5.3255 2
-2.924 56.334 5.4677 2
-48.284 56.81 5.5504 3
0.39813 63.577 5.6173 2
-41.64 71.297 5.8498 3
-42.08 78.289 6 1
-38.318 78.54 5.9993 3
-22.454 -54.331 6.9483 2
-18.693 -54.079 6.9473 2
0.11586 -52.822 6.9443 2
-0.10393 -49.326 7.0195 3
14.723 -44.824 7.0919 3
-54.941 41.793 9.0567 1
-25.506 54.294 9.2771 1
-21.745 54.545 9.2765 1
-17.983 54.797 9.2758 3
4.1477 63.298 9.4224 1
7.9094 63.55 9.4217 1
-3.5955 66.291 9.4987 1
3.9279 66.795 9.4976 3
-1.3723 91.014 10.024 2
3.6457 -49.604 10.824 1
-4.0975 -46.611 10.901 1
-4.3173 -43.115 10.976 1
-35.29 -31.144 11.281 3
-21.757 54.016 13.082 1
-25.738 57.26 13.158 3
-18.215 57.763 13.157 1
7.8973 63.02 13.227 1
-44.986 62.994 13.312 3
-41.225 63.246 13.311 2
-3.6076 65.761 13.304 1
-52.729 65.987 13.388 1
-48.968 66.238 13.387 1
-45.206 66.49 13.387 2
-41.444 66.741 13.386 1
-15.332 71.999 13.457 1
-23.075 74.991 13.533 2
25.827 78.262 13.525 3
29.588 78.514 13.524 1
-23.295 78.487 13.608 1
3.0367 80.248 13.604 2
-4.3294 -43.645 14.782 2
35.95 -23.398 15.15 3
-48.32 55.221 16.968 3
-29.512 56.478 16.965 3
-29.732 59.974 17.04 2
-41.237 62.716 17.117 2
-26.19 63.722 17.114 1
-22.428 63.974 17.113 2
22.712 66.993 17.106 3
-48.98 65.708 17.193 3
-45.218 65.96 17.192 2
14.749 73.481 17.257 3
-16.004 81.957 17.488 3
-1.3965 89.955 17.636 2
-39.296 -28.96 18.969 1
-25.762 56.2 20.77 1
-6.9539 57.458 20.766 3
14.957 69.456 20.988 1
14.737 72.951 21.063 3
18.499 73.203 21.063 1
18.279 76.699 21.137 3
-19.778 81.175 21.295 3
14.455 -43.447 22.39 1
39.908 -27.702 22.686 3
-32.444 -18.499 22.998 2
-32.664 -15.004 23.074 3
-3.6439 64.172 24.722 3
14.945 68.926 24.794 2
33.753 70.184 24.79 2
18.487 72.673 24.868 1
-8.7243 84.895 25.173 1
0.055361 -55.472 25.973 2
-43.082 -30.271 26.581 2
-39.32 -30.02 26.58 3
46.979 -20.737 26.641 1
-34.189 68.621 28.682 1
-3.7184 -56.253 29.779 1
-3.9382 -52.757 29.854 1
-7.9197 -49.513 29.93 1
-8.3593 -42.52 30.08 1
-62.317 34.614 31.817 1
23.763 47.393 31.953 1
23.543 50.889 32.028 1
23.323 54.385 32.103 1
-41.065 57.1 32.264 3
-33.981 64.595 32.413 2
6.7379 77.85 32.631 1
2.6939 -38.8 33.96 1
-24.737 -23.082 34.339 1
-8.3462 16.632 35.163 3
40.556 19.903 35.155 3
-62.329 34.085 35.622 1
-36.217 39.342 35.694 1
-17.408 40.6 35.69 3
-13.647 40.851 35.69 1
23.091 57.351 35.984 1
22.872 60.847 36.059 1
15.128 63.84 36.136 2
10.205 -38.827 37.764 1
23.933 -16.844 38.212 1
42.742 -15.587 38.209 2
19.952 -13.6 38.288 3
42.522 -12.091 38.284 1
-45.096 -0.39801 38.674 2
36.342 26.113 39.112 1
23.262 -6.887 42.244 2
40.751 15.347 42.691 1
32.349 28.827 42.992 2
28.367 32.072 43.069 2
32.129 32.323 43.068 3
12.624 -18.66 45.825 2
23.03 -3.921 46.124 3
22.59 3.0709 46.275 1
-22.77 3.5477 46.357 3
18.389 9.8111 46.425 3
-12.364 18.286 46.656 3
28.355 31.541 46.874 1
32.117 31.794 46.874 1
39.64 32.297 46.872 1
42.743 43.036 47.097 3
3.3673 68.487 47.705 3
28.563 27.516 50.605 1
-50.653 25.728 50.693 1
-3.7659 0.2499 53.89 2
-1.3229 21.477 54.341 1
-25.432 44.439 54.871 1
-18.568 55.429 55.095 3
-1.335 20.947 58.146 2
20.796 29.448 58.293 2
-13.28 30.68 58.374 1
