32.784 13.189 -30.974 1
-34.358 -18.114 -28.547 1
-33.502 21.071 -28.609 2
-33.035 42.444 -28.643 2
-39.874 49.674 -28.825 1
-39.796 53.236 -28.831 1
-39.718 56.799 -28.836 2
-47.875 3.2284 -24.922 3
-47.797 6.7907 -24.928 3
-22.694 34.921 -24.374 1
-36.216 56.505 -24.75 2
-41.343 -18.492 -20.717 1
-61.859 3.1973 -21.264 2
30.079 48.14 -19.114 2
30.313 58.827 -19.13 1
33.81 58.774 -19.045 3
33.888 62.337 -19.051 3
37.385 62.284 -18.965 3
40.96 65.794 -18.885 1
37.696 76.533 -18.988 1
-41.338 -18.733 -16.716 2
47.57 47.636 -14.685 1
-25.793 52.302 -16.486 1
-25.715 55.864 -16.492 3
44.228 54.813 -14.782 3
26.898 62.2 -15.221 3
34.359 83.469 -15.084 3
24.49 -48.471 -11.046 1
-64.724 31.265 -13.392 3
30.166 51.22 -11.118 1
61.641 50.747 -10.348 2
30.244 54.782 -11.123 1
-57.107 59.658 -13.266 1
30.322 58.344 -11.129 3
30.4 61.906 -11.135 1
37.861 83.175 -10.997 1
-21.202 -58.716 -8.1397 2
-35.113 -54.944 -8.4873 1
58.148 50.558 -6.4329 2
58.226 54.12 -6.4385 1
30.482 65.227 -7.1394 2
54.656 50.369 -2.5176 3
-60.595 59.228 -5.3502 1
54.811 57.493 -2.5289 1
58.309 57.441 -2.4434 2
58.386 61.003 -2.449 2
34.529 89.869 -3.0924 3
-55.386 -23.05 -1.0492 3
-60.668 55.424 -1.3438 1
-11.085 83.187 -0.19182 1
-35.487 87.117 -0.79591 2
-51.884 -23.344 3.037 3
-60.663 55.183 2.657 3
-57.166 55.131 2.7425 3
-22.039 61.729 3.5862 3
-18.542 61.677 3.6717 3
-15.045 61.624 3.7572 3
-8.0503 61.519 3.9282 3
44.952 85.667 5.1713 3
-0.20062 -59.997 8.3764 3
38.657 -42.764 9.2888 3
-43.095 58.241 7.0796 3
-22.034 61.488 7.587 3
-18.537 61.436 7.6725 1
-56.928 65.576 6.7264 1
-21.879 68.613 7.5757 1
-53.275 72.648 6.8007 3
41.46 85.478 9.0866 3
-35.322 93.759 7.1944 3
-17.448 -49.289 11.933 3
-34.856 -45.464 11.5 3
38.662 -43.005 13.29 1
-58.947 -27.284 10.873 3
27.009 64.073 12.779 3
28.18 -43.33 21.035 3
30.749 74.225 20.849 1
-14.171 -60.752 24.038 1
-14.093 -57.19 24.032 1
-14.015 -53.628 24.026 1
-10.518 -53.68 24.112 2
-3.5234 -53.785 24.283 1
-55.28 -20.936 22.95 2
43.029 -4.5968 25.316 1
-47.352 21.706 23.053 2
-39.112 78.597 23.135 2
-10.435 -50.359 28.107 3
-10.357 -46.797 28.101 1
35.339 -36.793 29.196 3
-44.706 -17.773 27.202 2
49.951 -8.5056 29.493 1
46.531 -4.8908 29.402 1
57.806 30.333 33.603 1
23.846 77.168 32.675 1
44.829 76.853 33.188 2
54.313 30.144 37.518 3
-40.572 9.9483 39.244 2
-54.172 27.97 38.874 2
57.815 29.85 41.605 2
-7.8525 66.471 39.924 2
0.38637 -37.233 44.344 1
0.54205 -30.109 44.333 3
18.339 -16.122 44.738 1
-33.963 -8.2095 43.444 1
-30.465 -8.2621 43.53 3
-28.831 66.545 43.412 1
21.685 -23.541 48.836 3
21.763 -19.979 48.83 2
1.0138 -8.9765 48.3 1
-37.377 -4.836 47.354 3
22.075 -5.7296 48.807 1
22.23 1.3949 48.796 1
25.727 1.3424 48.882 3
43.369 8.2041 49.298 3
-9.5509 -12.622 52.05 3
25.421 -13.148 52.905 1
-44.367 -4.9723 51.184 3
-37.134 5.368 55.339 1
19.677 43.712 56.645 1
11.597 -6.296 60.553 1
-36.429 37.187 59.289 1
-32.932 37.134 59.374 2
1.8887 29.243 64.241 2
