25.922 -5.9482 -35.008 1
24.888 19.907 -30.04 2
-27.118 -20.378 -25.308 2
27.64 42.172 -25.391 2
27.458 45.922 -25.233 2
31.063 46.081 -25.396 2
30.881 49.831 -25.238 2
34.485 49.99 -25.402 2
-37.873 -17.5 -20.797 2
-16.792 -5.2937 -21.3 2
-35.909 16.409 -19.54 3
-37.002 38.908 -18.596 2
-33.397 39.067 -18.758 2
24.277 41.619 -21.363 3
27.882 41.778 -21.525 3
-40.789 42.498 -18.275 3
-37.184 42.658 -18.438 1
-33.58 42.817 -18.601 1
24.095 45.368 -21.205 1
27.7 45.528 -21.367 2
-40.971 46.248 -18.118 3
-37.367 46.407 -18.28 1
-33.762 46.568 -18.443 3
27.517 49.278 -21.21 1
30.94 53.187 -21.215 3
34.544 53.347 -21.378 1
34.362 57.096 -21.22 3
-45.123 57.339 -17.482 3
-48.446 -18.372 -16.442 1
44.546 0.77326 -20.043 3
32.274 30.294 -18.295 1
28.488 33.885 -17.975 2
-47.757 41.785 -14.084 3
-40.548 42.105 -14.409 1
17.127 44.656 -17.014 2
-29.916 46.333 -14.74 3
34.968 49.203 -17.67 1
-37.307 49.764 -14.257 1
12.976 55.746 -16.378 1
-44.881 56.945 -13.616 2
-41.277 57.104 -13.779 1
-45.063 60.694 -13.459 3
-41.459 60.854 -13.621 1
16.216 63.405 -16.226 3
19.82 63.565 -16.389 1
-41.641 64.604 -13.464 1
-38.036 64.763 -13.627 3
16.034 67.155 -16.068 1
19.638 67.314 -16.23 1
-23.8 69.151 -14.12 3
15.851 70.905 -15.911 3
-4.2196 -31.852 -15.16 1
28.364 40.99 -13.793 1
28.182 44.741 -13.636 2
35.209 48.809 -13.804 1
38.814 48.969 -13.967 3
35.027 52.559 -13.647 1
38.632 52.718 -13.809 3
49.446 53.197 -14.297 1
-44.458 52.801 -9.9078 3
31.24 56.15 -13.326 1
34.845 56.309 -13.489 3
31.058 59.899 -13.169 2
-44.822 60.3 -9.593 2
-41.217 60.461 -9.7553 2
-37.613 60.62 -9.9187 2
12.852 62.852 -12.197 2
30.876 63.649 -13.011 2
-41.4 64.21 -9.5979 2
-34.19 64.529 -9.9238 3
-23.376 65.007 -10.412 1
16.275 66.761 -12.202 1
19.88 66.921 -12.366 1
-27.163 68.598 -10.092 1
-23.559 68.757 -10.255 3
12.488 70.352 -11.882 3
19.697 70.67 -12.207 3
15.91 74.261 -11.887 1
-16.714 76.576 -10.264 1
49.18 -11.105 -12.947 3
-57.541 29.27 -6.3369 3
-14.286 31.184 -8.2896 2
-26.193 53.204 -6.8559 2
31.482 55.756 -9.4602 1
45.9 56.394 -10.112 2
24.09 59.187 -8.977 1
31.299 59.505 -9.3028 2
45.718 60.143 -9.9544 2
49.323 60.302 -10.117 2
-22.953 60.864 -6.7035 2
20.303 62.777 -8.6572 2
-23.135 64.613 -6.5461 3
12.912 66.208 -8.174 1
20.121 66.527 -8.4998 2
-23.317 68.364 -6.3886 2
16.334 70.117 -8.179 1
19.939 70.276 -8.3415 3
12.547 73.708 -7.8592 2
16.152 73.867 -8.0216 1
-27.286 75.704 -5.9104 1
12.365 77.458 -7.7007 1
15.97 77.617 -7.8641 3
-31.073 79.294 -5.5906 3
-27.469 79.453 -5.7531 1
56.084 0.070342 -8.935 1
45.777 63.5 -5.9301 1
-55.336 62.785 -1.2157 2
41.99 67.09 -5.6103 1
45.595 67.249 -5.7727 1
-27.227 79.059 -1.8873 2
26.66 85.201 -4.1717 2
43.547 -34.71 -5.8361 1
49.299 -4.3923 -4.9011 3
52.903 -4.2328 -5.0638 1
45.512 -0.80185 -4.5807 3
56.326 -0.32354 -5.069 1
41.725 2.7886 -4.2604 1
-64.633 35.663 2.0354 3
-61.21 39.573 2.0303 3
-64.997 43.163 2.3506 3
-44.462 66.619 2.3194 2
-51.854 70.05 2.8025 2
-48.249 70.209 2.6397 2
-57.911 50.588 6.2059 2
-18.442 56.092 4.5731 1
49.864 62.871 1.6382 3
13.453 68.776 3.5809 2
-15.566 71.25 5.0405 1
-22.958 74.681 5.5237 2
-63.603 23.626 9.2942 2
-57.123 38.944 9.599 3
-57.487 46.445 9.9142 3
-46.673 46.922 9.4258 3
-54.065 50.353 9.9089 1
-50.46 50.513 9.7461 3
-57.852 53.944 10.229 3
-54.247 54.104 10.067 3
-7.3865 56.177 7.9506 1
-58.034 57.694 10.387 3
-43.615 58.332 9.7358 1
-43.798 62.082 9.8934 2
-40.193 62.241 9.7306 2
-40.375 65.99 9.8881 2
13.695 68.383 7.4466 2
-44.344 73.331 10.366 2
-40.74 73.491 10.203 2
-37.317 77.4 10.198 2
-26.503 77.878 9.7098 1
-22.899 78.038 9.5471 2
13.148 79.632 7.9194 3
-26.685 81.629 9.8674 1
-53.277 38.71 13.302 3
-49.672 38.87 13.139 1
-57.064 42.3 13.622 1
-53.823 49.96 13.775 1
-50.219 50.12 13.612 3
-50.401 53.869 13.77 3
46.925 58.174 9.3748 1
50.529 58.334 9.2121 2
-39.769 58.097 13.439 1
50.347 62.084 9.3697 1
-39.952 61.847 13.596 2
14.118 64.239 11.155 2
13.936 67.989 11.312 1
13.754 71.738 11.47 3
28.172 72.376 10.819 1
49.8 73.333 9.8424 1
-36.894 73.256 13.906 3
-33.471 77.166 13.901 1
23.839 87.216 11.612 1
-23.065 -58.064 11.931 3
12.8 -52.72 10.462 3
-39.488 -17.454 14.315 2
47.713 46.531 12.768 2
-53.582 49.566 17.64 2
-49.977 49.726 17.478 2
-50.16 53.475 17.635 2
50.771 57.94 13.078 3
0.12328 59.458 15.514 3
46.984 61.531 13.398 3
50.588 61.69 13.235 1
54.193 61.849 13.073 1
-54.129 60.815 18.113 3
-25.292 62.091 16.811 3
-21.687 62.25 16.648 3
-21.869 66.001 16.806 2
14.177 67.595 15.178 3
13.995 71.345 15.336 2
-33.23 76.772 17.767 1
-15.207 77.569 16.953 3
-33.594 84.272 18.082 3
13.223 -56.864 14.17 3
13.041 -53.114 14.328 3
-2.1066 -38.752 15.609 2
-17.476 54.517 20.036 3
43.621 60.977 17.427 3
47.225 61.137 17.264 1
50.83 61.296 17.101 3
-21.446 61.857 20.514 1
-17.841 62.017 20.351 1
47.043 64.886 17.422 3
54.252 65.206 17.096 1
-50.465 64.331 21.974 1
-3.6045 66.404 19.858 3
0.00016258 66.563 19.695 3
-54.252 67.922 22.294 3
-50.647 68.081 22.132 1
-29.019 69.038 21.155 1
-0.18207 70.314 19.853 2
-29.202 72.788 21.312 2
-29.384 76.537 21.47 1
35.5 79.408 18.54 3
-29.566 80.288 21.627 3
-29.748 84.037 21.785 2
13.647 -61.007 17.878 1
-43.379 71.756 25.829 3
-32.565 72.235 25.341 2
32.319 75.104 22.411 3
35.924 75.263 22.248 1
-32.747 75.984 25.498 2
-29.142 76.143 25.336 2
-11.119 76.941 24.522 3
-36.534 79.575 25.819 1
-29.325 79.894 25.493 3
-11.301 80.691 24.679 3
-29.507 83.644 25.651 3
-15.496 -51.427 23.519 1
-34.43 -33.474 25.12 3
-42.186 -22.544 25.919 3
40.721 -18.876 22.175 3
58.704 57.077 24.35 3
18.324 70.323 26.771 3
13.036 -39.296 26.555 1
58.763 60.434 28.373 2
14.961 69.77 30.799 1
11.174 73.361 31.119 2
10.991 77.11 31.277 2
-4.1991 -51.736 30.761 3
24.638 -50.461 29.459 1
31.847 -50.142 29.134 3
-11.591 -48.305 31.244 1
24.456 -46.711 29.617 1
28.061 -46.551 29.454 2
-45.49 -19.741 33.97 2
52.889 37.221 31.619 1
-49.135 55.256 37.122 3
-49.317 59.006 37.279 3
15.202 69.376 34.665 1
13.883 -47.583 33.972 3
17.306 -43.674 33.965 1
17.123 -39.924 34.124 2
49.525 36.668 35.647 1
-48.894 54.862 40.987 3
-49.076 58.613 41.145 3
30.326 -9.6806 38.599 3
-8.6368 48.723 42.747 1
-30.811 59.016 44.197 2
-20.726 74.494 44.339 2
30.567 -10.075 42.464 1
30.385 -6.3245 42.622 3
-8.3954 48.33 46.613 3
-18.746 -31.45 47.822 3
13.696 -30.015 46.356 1
-18.928 -27.701 47.979 1
-15.323 -27.54 47.816 3
-11.719 -27.381 47.653 1
13.514 -26.265 46.514 3
13.332 -22.515 46.672 1
23.781 -14.537 46.498 1
30.808 -10.468 46.33 3
30.626 -6.7184 46.488 3
-30.835 -5.6792 49.413 3
-12.812 -4.8819 48.599 1
30.444 -2.9685 46.645 1
-42.014 1.3423 50.216 1
-42.196 5.0924 50.373 3
51.161 16.738 46.457 3
42.129 53.917 48.358 3
-18.687 -28.094 51.845 1
-15.082 -27.934 51.681 1
-4.4502 -23.706 51.351 2
5.9993 -15.728 51.178 1
2.2124 -12.138 51.498 1
5.817 -11.978 51.336 2
-1.5745 -8.5472 51.819 2
16.449 -7.75 51.005 2
26.898 0.22807 50.832 3
30.503 0.38753 50.669 3
41.317 0.86596 50.18 3
44.922 1.0254 50.018 2
26.716 3.9781 50.989 2
41.135 4.6157 50.338 2
-38.35 4.8577 54.077 3
26.534 7.7275 51.146 3
29.956 11.637 51.141 1
17.32 48.657 53.206 3
-22.779 -13.648 56.504 3
30.198 11.243 55.007 3
-2.791 21.058 56.945 1
10.998 -35.105 57.959 3
10.816 -31.356 58.116 3
-12.088 -6.0633 60.196 3
