-15.449 -12.903 -32.775 1
-46.522 -10.19 -33.231 2
-25.409 -24.693 -28.62 2
44.35 0.53167 -28.234 1
-47.869 31.447 -26.011 1
31.948 38.032 -25.115 1
31.466 41.814 -25.198 2
30.984 45.595 -25.282 2
54.025 15.967 -20.338 2
53.543 19.749 -20.421 3
-40.638 35.45 -21.957 2
-44.944 39.098 -22.086 1
-37.296 39.365 -21.993 1
31.532 41.769 -21.154 2
-41.602 43.013 -22.123 2
31.05 45.55 -21.237 1
50.168 46.218 -21.004 3
-42.084 46.794 -22.206 1
-38.26 46.928 -22.16 2
26.744 49.198 -21.367 2
34.391 49.465 -21.274 2
18.614 52.712 -21.543 3
32.945 60.809 -21.523 2
28.639 64.456 -21.653 2
25.429 -0.27106 -16.333 2
2.0045 2.7091 -16.696 2
-44.878 39.053 -18.042 2
-45.36 42.834 -18.125 2
-45.842 46.616 -18.208 2
-42.018 46.749 -18.162 2
18.68 52.667 -17.499 3
33.975 53.201 -17.312 2
37.799 53.334 -17.266 2
33.493 56.982 -17.396 2
37.317 57.116 -17.349 1
33.011 60.763 -17.479 1
-40.123 62.008 -18.448 3
21.058 64.144 -17.702 3
28.705 64.411 -17.609 1
32.529 64.545 -17.562 2
16.752 67.792 -17.832 3
20.575 67.925 -17.785 3
24.399 68.059 -17.739 1
28.223 68.193 -17.692 1
-29.616 69.971 -18.475 2
16.27 71.573 -17.915 2
20.093 71.707 -17.869 2
19.129 79.269 -18.035 2
14.539 -34.882 -11.726 3
47.473 8.0476 -12.176 1
51.297 8.1811 -12.129 2
46.991 11.829 -12.259 2
58.912 38.832 -12.655 1
-22.351 43.59 -13.801 3
-50.082 50.218 -14.294 2
34.041 53.156 -13.268 1
37.865 53.289 -13.221 2
-27.621 54.801 -14.097 1
37.383 57.071 -13.304 2
-51.046 57.781 -14.46 2
-47.222 57.914 -14.413 2
-28.104 58.582 -14.18 3
-24.28 58.716 -14.134 3
-55.352 61.429 -14.59 2
-47.705 61.696 -14.497 2
-43.881 61.829 -14.45 3
-32.409 62.23 -14.31 3
-28.586 62.363 -14.264 3
-24.762 62.497 -14.217 2
17.3 63.966 -13.704 1
-44.363 65.611 -14.533 1
-32.892 66.011 -14.393 1
-29.068 66.145 -14.347 2
-25.244 66.278 -14.3 2
-44.845 69.392 -14.617 2
16.335 71.528 -13.871 2
-45.327 73.173 -14.7 1
-41.503 73.307 -14.653 1
12.03 75.176 -14 3
23.501 75.577 -13.861 3
19.195 79.224 -13.99 3
46.608 -14.819 -7.6781 3
51.363 8.1361 -8.0843 1
50.881 11.917 -8.1676 3
50.399 15.699 -8.2508 1
49.917 19.48 -8.3341 2
45.611 23.128 -8.4639 1
56.118 31.091 -8.4906 3
-15.12 47.594 -9.7461 1
18.812 52.577 -9.4097 3
49.402 53.645 -9.0367 2
52.744 57.56 -9.0733 1
-50.98 57.736 -10.416 1
44.614 61.074 -9.2498 2
-51.462 61.517 -10.499 2
-32.344 62.185 -10.266 3
-28.52 62.318 -10.219 2
17.365 63.921 -9.6595 3
16.883 67.702 -9.7427 1
32.178 68.236 -9.5562 2
-21.836 70.148 -10.292 2
16.401 71.483 -9.826 2
-41.437 73.262 -10.609 2
27.39 75.665 -9.7693 2
-41.919 77.043 -10.692 2
11.613 78.912 -10.039 1
19.261 79.179 -9.9458 3
26.908 79.446 -9.8526 3
30.732 79.58 -9.806 3
34.556 79.713 -9.7593 2
52.426 -29.855 -3.2539 2
49.501 23.216 -4.3727 3
-32.278 62.14 -6.221 3
28.42 68.057 -5.5582 3
32.244 68.191 -5.5116 3
27.938 71.839 -5.6415 1
-3.1338 74.552 -6.0978 2
-3.6159 78.333 -6.181 2
-31.346 84.961 -6.6739 2
-27.523 85.094 -6.6273 2
10.715 86.43 -6.161 2
-22.537 -43.915 0.10794 1
56.316 -29.767 0.83737 2
55.834 -25.986 0.75412 3
51.528 -22.338 0.62424 3
42.434 -11.261 0.28123 1
45.71 53.421 -0.99413 2
-50.367 53.865 -2.2431 2
-58.496 57.379 -2.4196 2
-54.672 57.512 -2.3729 2
44.263 64.765 -1.2439 2
39.476 72.194 -1.457 2
-37.482 73.305 -2.4728 2
-37.964 77.086 -2.5561 2
6.9571 86.251 -2.163 2
-17.201 -55.17 4.4489 3
-61.772 53.419 1.6616 2
43.365 72.283 2.6342 2
-45.064 72.993 1.4785 1
22.8 82.959 2.1513 3
10.847 86.34 1.9282 1
14.67 86.473 1.9748 1
18.494 86.607 2.0214 3
56.447 -29.857 8.9266 1
53.073 -3.3879 8.3438 3
55.899 34.692 7.6046 1
-60.742 45.811 5.8727 1
-61.224 49.593 5.7895 1
49.665 53.465 7.1417 3
45.359 57.113 7.0118 3
49.183 57.246 7.0584 3
-58.365 57.289 5.6696 2
-54.541 57.422 5.7162 3
-50.717 57.556 5.7629 1
44.877 60.894 6.9286 1
48.701 61.027 6.9752 1
9.9813 63.473 6.4257 1
44.395 64.675 6.8453 1
43.913 68.456 6.7621 1
43.431 72.238 6.6788 3
11.877 78.732 6.1393 2
23.348 79.133 6.2792 1
11.395 82.513 6.056 2
22.866 82.914 6.1959 3
26.69 83.047 6.2425 2
10.43 90.076 5.8895 2
-29.505 -48.098 12.232 1
-25.681 -47.965 12.278 1
-33.811 -44.45 12.102 1
38.841 -41.913 12.988 1
-38.117 -40.803 11.972 1
-34.293 -40.669 12.019 2
-38.599 -37.021 11.889 3
45.524 -34.084 12.915 3
48.866 -30.169 12.878 3
52.689 -30.035 12.925 2
56.031 -26.121 12.888 2
44.078 -22.74 12.665 2
47.901 -22.606 12.711 3
55.549 -22.339 12.805 2
43.596 -18.959 12.582 2
47.419 -18.825 12.628 1
54.585 -14.777 12.638 2
49.797 -7.3478 12.425 2
55.516 8.0444 12.185 3
37.811 26.417 11.583 3
-63.054 34.289 10.12 3
32.99 64.229 10.75 1
36.813 64.363 10.797 2
9.565 67.21 10.387 3
32.508 68.011 10.667 2
36.331 68.144 10.713 2
-41.108 73.036 9.6143 2
-37.284 73.17 9.661 1
-33.943 77.085 9.6243 2
26.756 83.002 10.287 2
30.579 83.136 10.334 2
18.144 90.298 10.027 3
-1.2267 -58.552 16.852 2
17.41 -54.103 17.002 3
45.59 -34.129 16.959 2
49.414 -33.995 17.006 1
-43.321 -29.637 15.72 1
-39.497 -29.504 15.767 1
56.097 -26.166 16.932 1
-1.8404 66.764 14.292 1
-36.736 69.344 13.789 3
-2.3225 70.545 14.208 3
9.1488 70.946 14.348 1
-2.8046 74.327 14.125 1
-41.524 76.773 13.576 3
-33.877 77.04 13.669 3
-3.2867 78.108 14.042 3
15.832 78.775 14.275 1
11.526 82.423 14.145 1
15.35 82.557 14.192 3
30.645 83.091 14.378 3
18.692 86.472 14.155 1
26.339 86.739 14.248 2
33.987 87.006 14.342 2
-20.762 -55.484 20.581 1
-9.7726 -51.302 20.637 2
-30.338 -40.626 20.154 3
-34.644 -36.978 20.025 2
45.174 -30.393 20.92 2
44.691 -26.611 20.837 2
44.209 -22.83 20.754 1
-40.878 -18.205 19.562 1
55.615 38.338 19.655 1
51.309 41.986 19.525 1
55.133 42.119 19.572 1
41.251 60.625 19.016 1
-32.847 69.432 17.88 3
-37.153 73.08 17.75 1
-33.329 73.213 17.797 2
-41.459 76.728 17.62 3
-33.811 76.995 17.714 3
15.898 78.73 18.32 3
35.017 79.398 18.553 3
-34.293 80.776 17.63 1
19.24 82.645 18.283 2
-34.775 84.557 17.547 2
14.934 86.293 18.153 2
18.758 86.427 18.2 3
22.581 86.56 18.246 3
1.7646 -50.946 24.822 2
20.883 -50.279 25.055 1
24.707 -50.145 25.102 2
1.2825 -47.165 24.739 2
5.1062 -47.031 24.785 2
38.556 -38.267 25.038 2
44.275 -22.875 24.799 3
43.793 -19.094 24.715 1
47.617 -18.96 24.762 2
51.441 -18.827 24.809 3
55.264 -18.693 24.855 3
50.959 -15.045 24.725 2
-45.6 -10.821 23.393 3
45.206 -0.053846 24.346 2
-53.762 23.077 22.597 3
52.821 30.597 23.82 2
51.857 38.16 23.653 2
55.681 38.293 23.7 3
47.551 41.807 23.523 1
50.893 45.722 23.487 1
54.717 45.856 23.533 3
54.234 49.637 23.45 3
-7.428 51.282 22.621 3
-7.91 55.063 22.537 3
-46.63 57.509 21.988 3
-42.806 57.643 22.034 3
-8.8742 62.626 22.371 1
-32.781 69.387 21.925 3
36.047 71.79 22.764 1
-37.087 73.035 21.795 1
-33.263 73.168 21.841 1
-29.439 73.302 21.888 3
-41.393 76.683 21.665 3
-37.569 76.816 21.711 2
35.083 79.353 22.597 1
15 86.248 22.198 1
5.1721 -47.077 28.83 3
4.69 -43.295 28.746 2
45.787 -34.264 29.093 3
45.305 -30.483 29.01 2
-37.404 -14.38 27.614 2
-33.581 -14.247 27.661 3
-45.534 -10.866 27.438 3
38.107 -4.1472 28.38 2
45.754 -3.8802 28.474 1
51.441 41.896 27.614 2
49.512 57.021 27.281 2
-8.3263 58.799 26.499 1
-8.8084 62.581 26.415 1
-2.125 70.41 26.342 2
13.17 70.944 26.529 3
32.289 71.612 26.762 3
36.113 71.745 26.809 3
-37.021 72.99 25.839 2
-33.197 73.123 25.886 1
-33.679 76.905 25.803 3
7.418 85.936 26.149 2
5.72 -50.903 32.958 1
12.403 -43.073 32.884 3
27.698 -42.539 33.071 2
38.206 -34.576 33.044 1
33.418 -27.147 32.831 1
-54.146 57.152 29.984 1
-54.628 60.933 29.901 1
-39.333 61.467 30.087 2
44.79 64.405 31.113 2
-51.286 64.848 29.864 1
-32.167 65.516 30.097 1
-20.696 65.916 30.237 2
13.236 70.899 30.573 2
-6.365 74.013 30.257 1
-2.3438 -47.434 36.826 1
12.469 -43.118 36.929 2
19.635 -39.07 36.939 1
-39.65 -25.948 35.907 2
-40.132 -22.166 35.823 2
-44.438 -18.519 35.693 1
41.098 3.4588 36.35 3
-6.2663 43.584 34.921 3
39.619 45.186 35.48 3
31.489 48.701 35.304 3
35.313 48.834 35.351 2
39.137 48.968 35.397 2
34.831 52.615 35.267 2
-53.598 53.326 34.112 3
19.054 55.863 34.998 1
45.82 56.797 35.324 1
41.514 60.445 35.194 2
45.338 60.579 35.241 1
9.9601 66.939 34.655 2
13.784 67.073 34.701 1
44.374 68.141 35.074 2
-24.936 69.519 34.152 3
-13.465 69.92 34.292 1
-18.253 77.349 34.078 1
12.053 -39.382 40.89 3
-36.725 -18.297 39.831 2
-29.559 -14.248 39.841 3
-8.0958 28.28 39.252 2
52.602 34.198 39.915 2
-54.945 34.241 38.526 2
-55.909 41.803 38.359 2
-52.086 41.937 38.406 2
35.861 45.008 39.478 2
-14.33 47.053 38.789 1
35.379 48.789 39.395 2
-37.755 50.033 38.426 2
46.368 52.971 39.452 2
19.12 55.818 39.042 2
42.062 56.619 39.322 2
45.886 56.752 39.369 2
-50.672 60.977 38.036 2
-28.212 65.559 38.233 2
13.85 67.028 38.746 3
17.673 67.161 38.792 3
-24.87 69.474 38.196 3
9.5438 70.676 38.616 3
12.119 -39.427 44.935 1
-29.493 -14.293 43.886 3
-45.753 -7.2649 43.533 1
-46.235 -3.4836 43.45 1
-54.879 34.196 42.57 1
-55.361 37.977 42.487 3
35.445 48.744 43.44 1
42.61 52.792 43.45 3
46.434 52.926 43.496 1
-15.228 54.571 42.667 3
42.128 56.574 43.367 3
-46.301 57.284 42.211 3
-42.477 57.417 42.257 1
-43.441 64.98 42.091 3
11.703 -35.691 48.896 3
-37.075 -14.605 47.837 1
38.918 -8.1537 48.686 1
-45.687 -7.3099 47.577 1
26.965 -4.773 48.463 2
30.789 -4.6395 48.51 3
38.436 -4.3724 48.603 1
-46.169 -3.5286 47.494 1
-31.838 4.568 47.514 1
25.519 6.5709 48.214 2
21.18 40.602 47.464 3
-22.81 54.259 46.618 3
-30.94 57.773 46.442 1
-8.3475 1.5428 51.922 1
-5.422 9.1939 55.846 3
36.607 41.046 55.74 2
-6.7695 -9.8911 60.261 3
-7.2516 -6.1098 60.177 3
-3.9099 -2.195 60.141 2
-20.169 4.8335 59.788 2
-16.345 4.967 59.834 1
-8.6979 5.234 59.928 2
14.245 6.0352 60.207 3
-28.299 8.3477 59.611 1
9.5226 13.419 64.039 3
-26.82 27.343 63.286 3
-27.784 34.905 63.12 3
-23.96 35.039 63.166 3
