21.11 56.075 -27.889 1
17.207 59.493 -27.152 1
17.973 40.325 -16.965 1
21.74 40.374 -16.924 1
-31.143 43.172 -16.714 2
-27.375 43.219 -16.673 2
17.837 43.792 -16.187 2
21.605 43.84 -16.147 1
32.908 43.983 -16.025 3
-31.278 46.638 -15.935 2
21.47 47.306 -15.368 1
32.773 47.45 -15.246 1
-42.716 49.961 -15.279 1
-27.646 50.151 -15.118 3
21.335 50.773 -14.591 3
-31.549 53.571 -14.38 2
-27.781 53.618 -14.339 1
21.199 54.239 -13.813 2
24.967 54.287 -13.772 2
28.735 54.334 -13.732 1
-46.755 56.846 -13.765 3
-42.987 56.893 -13.724 3
-31.684 57.037 -13.602 1
-27.916 57.084 -13.562 2
21.064 57.705 -13.035 1
24.832 57.752 -12.995 1
28.6 57.801 -12.954 1
36.135 57.896 -12.873 1
17.161 61.124 -12.298 1
20.929 61.172 -12.258 1
28.464 61.267 -12.176 1
-28.187 64.017 -12.006 1
20.794 64.638 -11.479 1
28.329 64.733 -11.399 1
32.097 64.781 -11.358 3
-28.322 67.483 -11.229 1
24.156 75.085 -9.1059 2
-24.96 77.93 -8.8547 2
24.02 78.551 -8.3274 3
16.35 81.922 -7.6315 1
-29.058 -10.149 -25.056 2
38.761 -9.2899 -24.327 3
49.523 4.7189 -21.094 2
33.641 25.326 -16.589 1
-26.778 28.028 -16.459 2
33.505 28.792 -15.812 2
-38.487 38.284 -14.248 2
25.564 39.095 -13.559 3
29.332 39.143 -13.519 3
-38.622 41.751 -13.47 3
-23.551 41.941 -13.307 2
-19.783 41.989 -13.267 2
-16.016 42.037 -13.227 1
17.894 42.466 -12.862 1
25.429 42.562 -12.781 2
-42.525 45.169 -12.733 2
-38.757 45.217 -12.692 1
-34.99 45.264 -12.652 2
21.526 45.98 -12.044 1
25.294 46.029 -12.003 2
-31.357 48.779 -11.833 2
-23.822 48.874 -11.753 2
21.391 49.447 -11.266 2
25.159 49.494 -11.226 1
-31.492 52.244 -11.056 2
-23.957 52.34 -10.974 3
17.488 52.866 -10.528 1
-24.092 55.806 -10.197 2
17.353 56.331 -9.7514 1
21.12 56.38 -9.71 1
20.985 59.846 -8.9329 1
24.753 59.893 -8.8928 1
32.288 59.989 -8.8112 1
20.85 63.312 -8.1553 2
24.618 63.359 -8.1143 3
20.715 66.778 -7.3769 1
43.321 67.065 -7.1339 1
24.212 73.758 -5.7812 2
0.79409 94.271 -1.3575 2
38.817 -10.615 -21.002 3
-55.917 2.056 -18.904 2
29.388 37.818 -10.194 2
-31.03 40.52 -10.064 1
29.253 41.284 -9.4166 3
-50.004 43.748 -9.4896 1
-46.236 43.796 -9.4481 2
-42.469 43.843 -9.408 2
-38.701 43.891 -9.3679 1
29.118 44.75 -8.6382 2
-46.372 47.262 -8.671 1
25.215 48.169 -7.9008 1
-27.668 50.967 -7.6906 2
17.544 51.54 -7.2048 3
-27.804 54.433 -6.9122 1
17.409 55.006 -6.4263 1
21.177 55.054 -6.3862 1
24.944 55.101 -6.3452 1
-27.939 57.899 -6.1351 1
17.274 58.472 -5.6493 1
51.183 58.902 -5.2837 3
-43.145 61.175 -5.5194 2
-39.377 61.223 -5.4788 2
17.138 61.938 -4.8708 3
32.209 62.13 -4.709 1
39.745 62.225 -4.6279 3
43.512 62.273 -4.5878 2
-43.28 64.641 -4.7418 2
-39.512 64.689 -4.7008 2
13.235 65.358 -4.1334 3
35.842 65.644 -3.8904 1
43.377 65.739 -3.8093 1
31.939 69.062 -3.1535 2
35.706 69.11 -3.1134 3
9.1973 72.242 -2.6189 1
20.5 72.386 -2.4971 1
24.268 72.433 -2.4562 1
28.036 72.481 -2.416 2
9.062 75.709 -1.8404 3
27.901 75.948 -1.6385 3
5.1591 79.127 -1.1034 1
-13.815 82.355 -0.5287 1
1.2561 82.546 -0.366 1
-29.021 85.63 0.087041 3
-36.21 -19.828 -20.043 2
-32.443 -19.781 -20.003 2
-36.346 -16.362 -19.265 2
-32.578 -16.314 -19.225 1
-47.919 -9.5725 -17.831 2
-44.151 -9.5248 -17.791 1
-48.054 -6.1058 -17.054 3
-44.287 -6.0585 -17.013 1
-44.422 -2.5917 -16.235 2
51.645 47.177 -4.2931 1
47.607 54.062 -2.7777 3
51.239 57.576 -1.96 2
-50.624 59.753 -2.2759 2
5.8916 60.47 -1.6683 2
51.104 61.043 -1.1816 1
-50.759 63.22 -1.4983 1
-39.456 63.364 -1.3766 2
13.292 64.032 -0.80963 2
54.737 64.557 -0.36389 1
-47.127 66.734 -0.67976 2
13.156 67.498 -0.031196 1
-47.262 70.201 0.097796 1
-43.494 70.248 0.1388 1
-9.585 70.678 0.50296 2
9.2535 70.916 0.70577 1
16.789 71.012 0.78736 2
20.557 71.06 0.82747 1
31.86 71.203 0.94871 3
20.421 74.527 1.605 1
23.513 91.905 5.5346 2
-47.863 -10.898 -14.507 1
-44.095 -10.851 -14.466 1
-47.998 -7.4318 -13.729 3
27.356 -6.4775 -12.919 2
-48.133 -3.9653 -12.951 3
-48.674 9.8998 -9.8402 2
-63.88 13.175 -9.2244 3
-60.113 13.223 -9.1842 3
-48.81 13.366 -9.0627 3
40.533 42.242 -1.8681 1
40.398 45.709 -1.0897 1
44.031 49.223 -0.27202 1
47.798 49.27 -0.23102 1
-5.0848 52.068 -0.020911 3
43.895 52.689 0.50642 1
47.663 52.737 0.54654 2
51.296 56.251 1.3651 2
-16.658 58.858 1.4134 2
-46.935 61.943 1.8669 1
-13.026 62.372 2.2319 1
-9.2583 62.419 2.2721 2
-43.303 65.457 2.6854 1
-39.535 65.504 2.7264 2
1.9096 66.029 3.1722 3
5.6773 66.077 3.2123 2
-47.206 68.875 3.4224 2
-43.438 68.922 3.4634 2
5.5421 69.544 3.9899 2
50.755 70.116 4.4766 1
24.245 73.248 4.9698 1
-43.979 82.788 6.574 2
-36.444 82.884 6.6556 2
-32.676 82.932 6.6958 2
-16.989 -29.174 -14.747 1
-45.662 29.419 -1.8082 1
-39.344 60.712 5.2726 3
5.8689 61.285 5.7585 3
-43.247 64.131 6.0101 3
-39.479 64.179 6.0502 3
-1.8018 64.656 6.4558 2
5.7336 64.751 6.5369 1
-47.15 67.549 6.747 1
1.8307 68.17 7.2744 1
9.3661 68.266 7.3546 2
47.043 68.743 7.7602 1
-43.788 77.996 9.1207 2
35.334 78.998 9.9716 3
-43.923 81.463 9.8991 3
-36.387 81.558 9.9803 1
-32.62 81.606 10.02 2
-36.523 85.025 10.758 3
19.858 89.207 12.143 1
27.393 89.302 12.225 2
35.545 -22.898 -9.2995 1
38.772 -8.9847 -6.1479 2
56.528 18.984 0.27659 1
-61.082 38.302 3.6873 1
-57.585 45.283 5.2834 1
-1.6103 59.864 9.002 2
-43.19 62.805 9.3347 1
-39.423 62.852 9.3748 1
-1.7455 63.33 9.7804 1
9.4223 66.939 10.679 1
-47.364 73.156 11.627 1
-47.499 76.623 12.405 1
-36.331 80.232 13.304 1
16.417 80.901 13.871 1
-40.234 83.651 14.041 2
-36.466 83.698 14.082 2
16.282 84.367 14.649 1
23.682 87.929 15.509 3
6.0006 -38.471 -9.4103 2
-1.4188 55.072 11.55 3
-1.554 58.539 12.327 3
-46.902 61.431 12.618 2
-39.366 61.527 12.7 2
-24.296 61.719 12.862 3
-13.128 65.328 13.761 1
-13.263 68.795 14.539 1
13.111 69.128 14.823 1
35.717 69.415 15.066 3
39.485 69.463 15.106 3
-47.308 71.831 14.952 3
-17.166 72.213 15.276 1
-9.6304 72.308 15.357 1
-47.443 75.297 15.73 1
-39.907 75.393 15.81 2
-36.14 75.44 15.851 1
-32.372 75.488 15.892 2
-9.7657 75.775 16.135 3
-40.043 78.858 16.588 3
-32.507 78.955 16.669 2
16.473 79.575 17.196 1
24.008 79.67 17.277 1
20.106 83.089 18.015 1
23.873 83.137 18.055 2
16.203 86.508 18.752 2
19.97 86.556 18.792 1
23.738 86.603 18.833 2
-10.307 89.64 19.246 1
-2.7713 89.735 19.327 2
-39.156 -40.37 -6.5716 3
47.231 -32.339 -4.0844 3
39.561 -28.967 -3.388 3
39.425 -25.501 -2.6095 2
-47.638 -16.2 -1.2084 1
34.846 -4.7513 2.0162 2
-0.41578 29.482 9.4291 1
36.044 61.157 16.835 2
-39.445 63.668 16.802 1
-24.375 63.86 16.964 1
-39.581 67.135 17.58 1
-5.6712 67.564 17.945 3
-1.9035 67.611 17.985 3
-39.716 70.6 18.358 2
-5.8065 71.03 18.722 2
-39.851 74.067 19.135 1
-32.451 77.629 19.994 2
16.529 78.249 20.521 3
-43.889 80.951 20.651 1
-32.586 81.095 20.772 1
20.162 81.763 21.339 2
27.697 81.859 21.42 2
20.027 85.23 22.117 2
27.562 85.325 22.198 2
-39.64 -27.83 -0.1363 2
-51.079 -24.507 0.51956 1
31.811 -23.456 1.411 2
35.443 -19.942 2.2296 1
-50.692 62.199 20.006 2
-5.4797 62.772 20.491 2
-50.827 65.665 20.783 1
-5.6149 66.239 21.269 2
-50.963 69.132 21.56 1
-39.66 69.276 21.682 1
-43.563 72.694 22.419 1
-39.795 72.741 22.46 1
16.721 73.458 23.067 1
-39.93 76.208 23.237 2
16.586 76.924 23.846 2
-43.833 79.627 23.975 1
-40.065 79.674 24.016 1
-36.298 79.722 24.056 1
27.753 80.534 24.745 3
-32.665 83.236 24.874 1
12.547 83.809 25.36 2
20.083 83.904 25.441 1
27.618 84 25.523 2
31.386 84.047 25.563 1
16.045 90.79 26.956 3
-38.773 -49.953 -1.4787 1
-38.908 -46.487 -0.70029 3
-39.043 -43.02 0.077271 3
-50.887 -29.299 3.0671 2
-39.584 -29.155 3.1888 2
31.867 -24.782 4.7361 3
54.203 -17.563 6.5346 3
-59.369 -5.1298 8.4305 1
52.85 17.1 14.312 3
48.812 23.986 15.828 3
52.58 24.033 15.868 3
59.574 37.994 19.06 2
47.189 65.581 25.16 3
50.957 65.629 25.201 2
16.912 68.666 25.614 1
20.68 68.713 25.655 3
16.777 72.132 26.392 1
20.545 72.18 26.433 3
-43.642 74.834 26.522 1
-39.874 74.883 26.562 2
36.773 -53.791 1.8787 2
-1.0392 -50.802 2.2515 3
40.406 -50.277 2.6973 2
36.503 -46.858 3.4347 2
40.27 -46.81 3.4748 3
44.038 -46.762 3.5149 1
47.671 -43.248 4.3335 1
47.4 -36.315 5.8895 1
47.13 -29.383 7.445 1
50.897 -29.335 7.4851 2
50.762 -25.868 8.2627 1
54.394 -22.354 9.0813 1
52.636 22.707 19.192 1
56.269 26.222 20.011 1
59.766 33.202 21.607 3
59.631 36.668 22.384 1
51.825 43.506 23.859 2
55.592 43.553 23.9 1
17.104 63.873 28.161 1
47.246 64.256 28.485 3
16.969 67.34 28.939 1
16.833 70.807 29.717 2
-17.211 73.843 30.13 1
-28.65 77.166 30.786 1
-8.1127 -62.621 3.1611 1
6.9582 -62.43 3.3238 1
29.429 -58.677 4.3443 1
10.455 -55.45 4.9194 2
40.462 -51.601 6.0215 1
-46.601 -42.3 7.423 3
-47.007 -31.902 9.756 3
-50.91 -28.483 10.493 2
47.051 -27.242 11.547 3
50.818 -27.194 11.587 2
46.104 -2.978 16.992 3
49.872 -2.93 17.032 3
53.639 -2.8821 17.072 3
59.687 35.343 25.709 1
-12.576 51.767 28.828 2
43.669 59.416 30.991 3
47.437 59.464 31.032 3
47.302 62.93 31.81 1
17.025 66.014 32.263 3
13.122 69.433 33.001 1
12.987 72.9 33.779 2
20.522 72.995 33.859 1
24.29 73.043 33.9 1
28.058 73.09 33.94 2
10.647 -60.242 7.4661 3
6.744 -56.823 8.2035 3
10.512 -56.776 8.2445 3
-8.4621 -53.548 8.8192 3
-4.6944 -53.5 8.8602 1
29.08 -49.604 10.002 1
-46.951 -33.228 13.081 2
39.571 -28.663 14.791 1
47.107 -28.568 14.872 1
50.604 -21.587 16.468 2
36.325 54.528 33.457 2
36.19 57.995 34.235 1
43.59 61.556 35.094 1
17.081 64.689 35.588 1
24.481 68.251 36.447 1
-17.234 74.658 37.556 1
20.443 75.135 37.962 3
-21.137 78.077 38.294 3
-17.369 78.124 38.334 1
21.736 -54.492 12.468 1
33.039 -54.348 12.59 1
35.86 -30.037 18.074 2
39.628 -29.989 18.115 1
43.395 -29.941 18.156 3
35.725 -26.57 18.853 3
39.492 -26.523 18.893 3
43.26 -26.475 18.933 1
47.028 -26.427 18.974 3
39.357 -23.056 19.67 3
43.125 -23.009 19.711 1
-54.971 -20.784 19.436 1
-38.161 31.451 31.304 1
48.226 39.48 33.792 1
-53.908 48.591 35.032 3
36.382 53.203 36.782 1
40.149 53.251 36.822 1
43.782 56.765 37.641 1
17.137 63.363 38.913 1
32.208 63.554 39.075 1
6.7213 -56.008 15.63 1
2.8183 -52.589 16.368 2
2.683 -49.124 17.146 2
25.289 -48.837 17.389 2
2.5478 -45.657 17.923 1
43.722 -38.199 19.925 3
-55.591 -4.7769 26.649 3
-45.775 33.496 35.326 1
13.426 61.99 42.197 2
-17.121 72.007 44.206 3
-0.7579 -57.429 18.874 3
6.7775 -57.333 18.955 3
-0.89315 -53.963 19.652 3
6.6423 -53.867 19.733 1
25.481 -53.629 19.935 1
-1.0284 -50.496 20.43 3
6.3718 -46.934 21.288 3
-31.576 -40.48 22.438 1
20.902 -32.879 24.561 3
-39.787 -23.243 26.247 1
-36.02 -23.195 26.287 2
-32.252 -23.148 26.327 3
35.161 -11.89 29.39 1
-57.022 32.027 38.53 1
-4.4693 -58.803 22.158 1
-0.70164 -58.754 22.199 1
6.5633 -51.727 23.835 1
2.6603 -48.308 24.573 1
39.796 -33.965 28.089 3
-20.757 -27.797 28.996 3
31.314 -9.7967 33.452 1
-44.31 -3.8186 34.197 3
-48.213 -0.4 34.934 1
-25.878 6.8188 36.733 3
-38.668 44.805 45.168 3
-0.64537 -60.08 25.523 1
10.523 -56.471 26.422 2
6.6196 -53.052 27.16 2
-1.0511 -49.681 27.857 3
2.5814 -46.167 28.675 3
-5.2246 -39.33 30.15 3
2.1756 -35.769 31.008 3
2.0404 -32.302 31.786 2
-21.107 -18.723 34.654 1
-21.242 -15.257 35.432 2
-21.377 -11.79 36.209 1
-44.119 -8.6108 36.745 1
-29.048 -8.4196 36.906 3
-21.513 -8.3243 36.987 1
23.7 -7.7513 37.473 1
-48.022 -5.1922 37.482 3
-44.254 -5.1443 37.522 1
19.797 -4.3326 38.211 3
23.565 -4.2852 38.252 1
-29.589 5.445 40.017 1
-37.801 22.682 43.825 1
-34.439 33.128 46.199 1
6.5406 -50.911 31.262 1
-1.1301 -47.541 31.959 1
-1.2653 -44.074 32.736 1
-12.704 -40.752 33.393 1
26.983 4.8357 43.95 3
-4.571 -55.847 33.688 1
-4.7063 -52.38 34.465 3
-1.0738 -48.866 35.284 1
-20.183 -42.172 36.637 1
-16.415 -42.125 36.677 3
-5.112 -41.981 36.798 3
-24.086 -38.754 37.374 3
-20.318 -38.706 37.414 2
9.8236 -38.324 37.738 3
-13.188 -28.212 39.828 1
13.186 -27.877 40.113 2
16.953 -27.829 40.153 2
15.195 17.233 50.264 3
22.595 20.794 51.122 2
17.551 -43.021 40.366 3
-16.629 -36.518 41.557 3
5.9769 -36.231 41.8 3
28.448 -32.478 42.821 3
20.236 -15.242 46.629 1
23.869 -11.728 47.447 1
0.85669 -1.6156 49.537 1
12.16 -1.4724 49.66 3
23.192 5.6039 51.336 1
-15.161 22.458 54.82 1
-9.4434 -27.349 47.296 1
-17.464 -14.905 53.651 1
4.7369 -4.219 56.227 1
