-38.687 1.71 -37.968 1
-23.606 -7.2946 -34.608 2
-23.622 -3.0694 -34.123 2
36.801 -2.048 -31.898 2
-23.637 1.1558 -33.639 2
36.786 2.1777 -31.413 1
-27.428 5.3172 -33.294 1
48.085 10.82 -30.028 1
32.969 -2.9213 -28.264 1
-46.43 -10.108 -24.123 1
-61.627 14.989 -21.773 1
-61.702 36.115 -19.351 1
28.901 46.1 -15.045 3
-50.419 48.983 -17.482 1
-39.089 49.175 -17.064 1
-50.434 53.208 -16.997 1
-46.657 53.272 -16.858 2
36.423 54.678 -13.798 1
40.2 54.742 -13.659 2
-50.449 57.434 -16.513 1
-46.672 57.498 -16.374 2
-39.12 57.625 -16.095 2
-31.567 57.754 -15.818 2
-24.014 57.881 -15.539 2
32.632 58.839 -13.453 2
-46.688 61.723 -15.889 3
-42.911 61.787 -15.75 2
-31.582 61.979 -15.333 1
-27.806 62.042 -15.194 2
-24.029 62.106 -15.055 1
-27.821 66.268 -14.71 3
-31.612 70.429 -14.365 3
-42.957 74.463 -14.297 1
-39.18 74.527 -14.158 1
-35.419 78.816 -13.535 3
40.145 53.932 -9.886 3
43.921 53.996 -9.7467 1
-46.728 56.688 -12.601 2
-31.622 56.943 -12.044 3
21.248 57.837 -10.097 2
25.024 57.902 -9.9585 3
36.353 58.093 -9.5408 1
40.13 58.157 -9.4017 3
-50.519 60.849 -12.255 2
-46.743 60.914 -12.117 1
-35.414 61.105 -11.699 3
-31.637 61.169 -11.56 3
17.456 61.999 -9.7517 3
25.009 62.127 -9.4742 3
36.338 62.319 -9.0565 3
-42.982 65.203 -11.493 1
-27.876 65.458 -10.936 2
17.441 66.224 -9.2674 2
21.217 66.288 -9.128 2
28.77 66.416 -8.8505 1
36.323 66.544 -8.5722 2
-42.997 69.428 -11.009 1
-39.22 69.491 -10.87 1
-31.667 69.62 -10.591 1
13.649 70.386 -8.9221 1
21.202 70.514 -8.6446 1
28.755 70.641 -8.3663 1
-43.012 73.653 -10.524 1
-35.459 73.781 -10.246 1
-24.13 73.973 -9.8291 1
-43.027 77.878 -10.04 1
-39.251 77.943 -9.9007 1
-35.474 78.006 -9.7616 2
-24.145 78.198 -9.3448 2
-12.816 78.39 -8.9271 2
36.277 79.22 -7.1189 1
-31.728 86.52 -8.6537 2
-38.942 -24.276 -17.752 1
-42.734 -20.115 -17.407 1
43.881 48.961 -6.4585 2
47.642 53.25 -5.8349 1
-27.901 56.197 -8.1323 3
13.64 56.901 -6.6025 3
-43.022 60.167 -8.2038 3
13.624 61.126 -6.1182 2
21.177 61.253 -5.8399 1
24.954 61.318 -5.7005 1
17.386 65.415 -5.4946 3
21.162 65.478 -5.3556 2
24.938 65.543 -5.2162 1
28.715 65.606 -5.0772 3
9.8178 69.513 -5.2887 2
13.594 69.576 -5.1497 2
17.371 69.64 -5.0103 1
24.923 69.768 -4.7319 1
-39.291 72.907 -6.6125 1
6.0262 73.674 -4.9428 2
17.355 73.865 -4.526 1
21.132 73.93 -4.3866 3
24.908 73.993 -4.2476 1
21.117 78.155 -3.9023 1
51.53 6.0248 -7.2507 1
-61.807 16.784 -9.9703 1
51.409 39.828 -3.3763 1
51.394 44.053 -2.892 1
55.17 44.117 -2.7527 1
-61.913 46.362 -6.5795 1
-58.152 50.652 -5.9558 1
36.243 56.474 -1.9946 1
40.019 56.537 -1.8556 1
-54.406 59.165 -4.8482 1
40.004 60.762 -1.3713 1
24.883 64.733 -1.4438 1
32.421 69.086 -0.68073 1
36.182 73.375 -0.057409 1
-46.914 76.195 -2.6332 1
-43.137 76.259 -2.4939 1
-43.152 80.484 -2.0096 1
-39.376 80.548 -1.8702 1
-54.295 11.877 -6.4031 1
-46.908 58.483 -0.79706 1
39.934 64.178 2.8858 2
-20.504 67.382 1.1455 1
-50.73 71.096 0.51682 1
13.469 72.182 2.8808 3
17.245 72.246 3.0202 1
21.021 72.309 3.1592 1
9.6771 76.344 3.2261 1
13.454 76.407 3.3651 1
17.23 76.471 3.5045 2
-20.549 80.058 2.5974 2
51.389 12.856 1.264 3
-54.516 57.546 2.697 1
-16.783 66.636 5.0573 1
9.6522 67.083 6.0309 1
17.205 67.211 6.3083 1
-50.785 70.286 4.2893 1
13.413 71.373 6.6536 1
-13.036 75.15 6.1652 1
2.0692 75.406 6.7211 1
13.398 75.598 7.1379 1
17.175 75.661 7.2769 1
-31.934 79.056 5.9534 1
-35.725 83.217 6.2983 1
5.8153 83.92 7.829 2
-31.979 91.732 7.4063 2
6.2444 -52.101 -3.8972 1
6.2293 -47.876 -3.4129 2
51.228 41.624 8.4274 1
51.213 45.849 8.9117 3
-54.602 65.187 7.4393 3
-50.825 65.251 7.5787 1
-9.285 65.953 9.1081 1
9.597 66.273 9.8033 1
13.373 66.337 9.9427 1
17.15 66.4 10.082 3
-9.3001 70.178 9.5924 1
-50.856 73.701 8.5473 3
-5.5388 74.468 10.216 2
-1.7624 74.532 10.355 1
-31.989 78.246 9.7268 1
-32.004 82.471 10.211 1
-28.227 82.535 10.35 3
20.851 87.591 12.642 1
51.37 -14.116 5.9037 1
51.158 45.039 12.684 1
-54.596 47.476 9.2749 1
-47.044 47.603 9.553 2
-43.313 60.343 11.145 3
13.333 61.301 13.231 3
9.5419 65.463 13.576 1
-50.896 68.666 11.835 2
-47.119 68.73 11.975 1
13.303 69.752 14.2 1
28.409 70.008 14.756 2
-43.373 77.245 13.083 3
-35.82 77.373 13.36 1
-32.044 77.437 13.499 1
-28.268 77.5 13.639 1
-32.059 81.662 13.984 1
-28.283 81.725 14.123 1
-16.969 86.142 15.025 1
-16.984 90.368 15.509 1
-8.9564 -58.201 2.6088 1
25.016 -53.401 4.3441 3
-39.289 -24.91 5.3706 1
32.16 60.811 17.699 1
-20.725 64.142 16.237 1
13.263 64.717 17.489 1
32.145 65.037 18.184 1
-50.951 67.857 15.609 1
-47.174 67.92 15.748 1
13.248 68.942 17.973 3
-35.86 72.337 16.649 1
-9.4256 72.784 17.623 1
13.233 73.168 18.457 1
-35.876 76.562 17.133 3
-28.323 76.691 17.412 1
32.1 77.712 19.637 1
-39.667 80.724 17.479 1
16.964 85.907 20.049 1
-13.263 89.622 19.421 1
9.8704 -58.692 7.0764 1
13.647 -58.628 7.2158 1
-24.147 -50.816 6.794 1
-46.882 -30.073 8.3803 1
43.752 -28.539 11.719 1
54.99 -2.9959 15.042 1
-28.332 63.204 19.732 1
-1.9128 67.877 21.19 1
-35.916 71.528 20.422 1
-5.7044 72.038 21.535 1
-1.928 72.102 21.674 1
13.178 72.358 22.23 1
-17.049 76.072 21.602 3
-1.9431 76.328 22.158 1
16.939 76.647 22.854 1
13.147 80.809 23.199 1
16.924 80.872 23.338 1
-1.5291 -55.468 10.917 1
-9.097 -51.37 11.123 3
2.2322 -51.179 11.54 1
-31.786 -43.303 11.257 1
43.712 -33.575 15.007 3
-50.713 -30.947 12.015 1
-46.937 -30.883 12.154 1
43.697 -29.349 15.492 1
-46.952 -26.657 12.638 1
-58.584 57.658 21.908 1
-54.807 57.722 22.047 3
-9.5057 62.714 24.2 1
-5.7293 62.777 24.339 1
-5.7444 67.004 24.823 1
32.02 67.642 26.214 2
-24.657 75.135 25.097 1
-39.379 -48.466 14.268 1
2.1619 -47.764 15.797 1
47.236 20.608 25.216 3
-51.071 52.75 25.474 1
-39.787 65.619 27.345 1
-9.576 66.129 28.457 1
-39.802 69.844 27.829 1
-28.473 70.036 28.246 1
-28.503 78.486 29.215 3
-24.742 82.775 29.838 2
-5.4461 -48.701 19.292 1
5.8679 -44.285 20.194 1
58.435 41.117 31.828 1
-47.365 56.23 29.871 1
-5.4862 -53.736 22.581 1
-5.5013 -49.511 23.066 1
-9.2928 -45.35 23.411 1
-5.8797 56.122 35.174 1
43.198 61.178 37.466 1
-54.983 41.807 35.685 1
-2.1433 51.151 38.601 1
-47.475 54.61 37.417 1
43.158 56.144 40.755 3
-36.191 67.478 39.287 1
-5.6117 -51.13 30.611 3
-20.763 -38.71 31.508 1
-32.107 -34.676 31.575 3
-20.793 -30.26 32.477 2
-35.929 -22.064 32.889 1
28.27 -20.979 35.254 1
-43.527 -9.5161 34.064 1
46.91 46.947 43.697 2
-9.8118 67.115 44.034 3
13.17 -38.945 36.533 1
-32.177 -31.261 35.833 3
-20.848 -31.069 36.249 1
-35.969 -27.1 36.178 1
-20.863 -26.844 36.734 1
-24.67 -18.457 37.563 3
-39.791 -14.487 37.492 1
-36.014 -14.424 37.631 1
-24.685 -14.232 38.047 1
-39.806 -10.262 37.976 1
-32.48 53.247 45.519 1
-5.8128 -27.398 41.063 1
-32.293 -15.169 41.543 1
-24.74 -15.042 41.821 1
-32.308 -10.944 42.027 1
-28.532 -10.88 42.166 1
-5.8377 -36.659 43.868 3
-5.8529 -32.434 44.352 1
-28.572 -15.915 45.454 1
-28.587 -11.69 45.939 1
-13.496 -7.2093 46.98 1
28.044 -6.5067 48.51 1
